0.500    15    21.0    318.0    0.9553
0.400    15    20.0    327.0    0.9504
0.100    24    19.0    457.0    0.9867
0.100    28    19.0    455.0    0.9696
0.090    20    18.0    501.0    0.9755
0.090    24    18.0    478.0    0.9499
0.090    28    18.0    347.0    0.9434
0.090    28    18.0    471.0    0.9463
0.080    20    17.0    499.0    0.9273
0.080    24    17.0    473.0    1.0000
0.080    28    17.0    476.0    0.9515
0.070    20    16.0    519.0    0.9487
0.070    24    16.0    509.0    0.9989
0.070    28    16.0    529.0    0.9385
0.060    20    15.0    499.0    0.9095
0.060    24    15.0    510.0    0.9664
0.060    28    15.0    501.0    0.9737
0.050    20    14.0    565.0    1.0000
0.050    24    14.0    518.0    0.9788
0.050    28    14.0    557.0    0.9732
0.040    20    13.0    590.0    0.9747
0.040    24    13.0    558.0    0.9538
0.040    28    13.0    636.0    0.9820
0.030    20    12.0    613.0    0.9602
0.030    24    12.0    573.0    0.9569
0.030    28    12.0    663.0    0.9412
0.030    28    12.0    673.0    0.9630
0.020    24    11.0    601.0    0.8583
0.020    28    11.0    608.0    0.8538
0.010    24    10.0    593.0    0.7347
0.010    24    10.0    554.0    0.7137
0.010    28    10.0    644.0    0.8294
0.009    24    9.00    522.0    0.6522
0.009    28    9.00    457.0    0.6832
0.008    24    8.00    55.00    0.6239
0.008    28    8.00    475.0    0.6865
0.008    28    8.00    481.0    0.6882
0.007    24    7.00    535.0    0.6831
0.007    28    7.00    555.0    0.7225
0.006    24    6.00    480.0    0.6312
0.006    28    6.00    617.0    0.7250
0.006    28    6.00    558.0    0.7055
0.005    24    5.00    567.0    0.6383
0.005    28    5.00    627.0    0.6786
0.005    28    5.00    580.0    0.7007
0.005    28    5.00    611.0    0.6929
0.004    24    4.00    281.0    0.6325
0.004    28    4.00    632.0    0.7094
0.003    24    3.00    8.000    0.6364
0.003    28    3.00    26.00    0.6316
0.002    24    2.00    109.0    0.8421
0.002    28    2.00    34.00    0.6324
0.001    28    1.00    14.00    0.6329
0.001    28    1.00    5.000    0.6389