TIME [s]	VITESSE [m/s]	NBR REYNOLDS
0,02	0,645572	24671,031723
0,04	0,694119	26525,840485
0,06	0,63053	24097,150708
0,08	0,590966	22583,927067
0,1	0,641681	24522,647856
0,12	0,546229	20875,332436
0,14	1,55517	59432,638666
0,16	1,086848	41535,015173
0,18	0,701271	26800,171717
0,2	0,208026	7949,774094
0,22	0,752873	28771,930556
0,24	0,695905	26594,861309
0,26	0,62723	23970,201436
0,28	0,578839	22121,183412
0,3	0,736082	28129,889114
0,32	0,666531	25472,499431
0,34	0,639736	24447,90379
0,36	0,763327	29171,045055
0,38	0,298537	11409,042489
0,4	0,498365	19044,93734
0,42	0,720056	27517,160708
0,44	0,486501	18592,309439
0,46	0,576675	22038,46345
0,48	0,425246	16250,91232
0,5	0,760037	29045,683814
0,52	0,561298	21450,367745
0,54	0,549283	20991,46314
0,56	0,807478	30858,223302
0,58	0,623244	23817,035734
0,6	0,718883	27473,166039
0,62	0,514825	19673,786472
0,64	0,617187	23586,051329
0,66	0,609697	23300,72875
0,68	0,713071	27250,46438
0,7	0,672142	25686,559071
0,72	0,365122	13953,2255
0,74	0,76278	29150,186531
0,76	0,550791	21049,535856
0,78	0,520448	19889,495532
0,8	0,631214	24121,908153
0,82	0,447219	17090,898829
0,84	0,692288	26457,445332
0,86	0,295734	11301,769729
0,88	0,687471	26272,376195
0,9	0,575961	22010,629199
0,92	0,509924	19487,640693
0,94	0,655186	25038,429516
0,96	0,631209	24122,030764
0,98	0,75076	28691,077269
1	0,613794	23456,783492
1,02	0,87763	33539,635002
1,04	0,273773	10462,69771
1,06	0,637769	24373,295496
1,08	0,805322	30775,377947
1,1	0,743962	28431,37894
1,12	0,468167	17891,394086
1,14	0,50665	19362,146417
1,16	0,670277	25615,403614
1,18	0,624571	23868,307561
1,2	0,466378	17823,310502
1,22	0,447225	17090,782831
1,24	0,497525	19012,98838
1,26	0,747876	28580,822358
1,28	0,586001	22394,588544
1,3	0,585281	22367,562169
1,32	0,661515	25280,456621
1,34	0,666545	25472,200805
1,36	0,514009	19642,925636
1,38	0,608343	23248,103192
1,4	0,672871	25714,756604
1,42	0,605032	23121,759767
1,44	1,18484	45279,478813
1,46	0,844715	32281,786451
1,48	0,794883	30377,577019
1,5	0,815585	31168,976663
1,52	0,825745	31557,156938
1,54	0,801152	30617,108771
1,56	0,416324	15910,335264
1,58	0,919853	35152,230071
1,6	0,741173	28323,744629
1,62	0,562782	21507,043038
1,64	0,443478	16947,757454
1,66	0,590255	22557,063891
1,68	0,71248	27228,261776
1,7	0,484783	18526,740177
1,72	0,071269	2723,675744
1,74	0,363973	13909,642788
1,76	0,36625	13997,028458
1,78	0,278306	10635,757665
1,8	0,291474	11139,006544
1,82	0,810057	30956,659668
1,84	1,275059	48726,918103
1,86	0,92075	35187,036054
1,88	0,442702	16918,686089
1,9	0,530126	20258,861016
1,92	0,800209	30580,973064
1,94	0,585425	22372,361033
1,96	0,680873	26020,791279
1,98	0,694224	26530,23601
2	0,532471	20348,997819
2,02	0,793419	30320,855665
2,04	0,703776	26894,649723
2,06	0,975352	37273,7094
2,08	0,833386	31848,541528
2,1	0,927153	35431,556466
2,12	0,987254	37728,091702
2,14	0,790797	30220,11551
2,16	1,00189	38289,361365
2,18	1,276009	48764,994548
2,2	1,185947	45322,551413
2,22	1,209978	46239,636368
2,24	1,253961	47920,653381
2,26	1,172182	44795,174129
2,28	1,229428	46984,70333
2,3	1,42539	54472,82394
2,32	1,373561	52492,298157
2,34	1,424225	54428,00651
2,36	1,369613	52341,253938
2,38	1,491972	57017,370917
2,4	1,467497	56080,098806
2,42	1,495902	57166,151824
2,44	1,556274	59472,943604
2,46	1,640953	62712,818724
2,48	1,651112	63099,313771
2,5	1,622111	61988,96908
2,52	1,690752	64615,618994
2,54	1,733131	66234,427827
2,56	1,744393	66665,134288
2,58	1,836621	70187,495916
2,6	1,781075	68065,268998
2,62	1,805004	68980,666906
2,64	1,979261	75640,042088
2,66	1,862978	71195,233868
2,68	1,823862	69700,184321
2,7	1,954026	74676,408205
2,72	2,041234	78009,935772
2,74	2,016001	77043,21913
2,76	2,180514	83328,938336
2,78	1,998151	76360,434565
2,8	2,164202	82705,680425
2,82	2,173385	83059,104311
2,84	2,180691	83336,552125
2,86	2,238025	85528,880284
2,88	2,274262	86912,271226
2,9	2,387603	91245,837784
2,92	2,380284	90964,666117
2,94	2,38606	91185,184353
2,96	2,441874	93315,879582
2,98	2,429665	92852,751859
3	2,525434	96510,5006
3,02	2,530037	96687,247432
3,04	2,654465	101444,272152
3,06	2,625295	100327,073945
3,08	2,567126	98106,899761
3,1	2,626228	100363,88143
3,12	2,738923	104668,359416
3,14	2,724052	104104,069
3,16	2,731915	104400,425026
3,18	2,755128	105289,490835
3,2	2,824913	107955,600451
3,22	2,913337	111337,98069
3,24	2,907095	111095,88326
3,26	2,926119	111821,989286
3,28	2,945536	112566,088793
3,3	3,070366	117338,299679
3,32	3,093728	118233,181681
3,34	3,141917	120071,282883
3,36	3,134747	119797,138335
3,38	3,166108	120995,44184
3,4	3,238108	123746,265777
3,42	3,240936	123854,505933
3,44	3,358073	128329,553617
3,46	3,420219	130709,713948
3,48	3,424425	130866,616701
3,5	3,36521	128605,535779
3,52	3,418684	130648,104056
3,54	3,50894	134097,317919
3,56	3,542194	135366,365171
3,58	3,62461	138519,395524
3,6	3,607422	137863,262937
3,62	3,699827	141388,308499
3,64	3,749623	143298,184688
3,66	3,742765	143033,698693
3,68	3,823105	146103,248062
3,7	3,849934	147129,001168
3,72	3,938254	150503,708347
3,74	3,923341	149937,739526
3,76	3,981715	152165,331695
3,78	4,055104	154973,081915
3,8	4,037531	154299,001402
3,82	4,108008	156988,70692
3,84	4,141614	158275,706952
3,86	4,236927	161918,716129
3,88	4,254983	162614,982969
3,9	4,217244	161164,208757
3,92	4,266066	163031,144515
3,94	4,356704	166497,936894
3,96	4,36214	166706,49501
3,98	4,438508	169623,972014
4	4,457414	170342,386996
4,02	4,509042	172313,91586
4,04	4,613244	176300,415905
4,06	4,605266	175996,697409
4,08	4,687768	179146,124026
4,1	4,675459	178677,010653
4,12	4,778329	182605,531241
4,14	4,842779	185069,662618
4,16	4,871312	186157,719115
4,18	4,97569	190147,359374
4,2	4,957486	189451,175513
4,22	5,050008	192988,814088
4,24	5,107301	195173,315968
4,26	5,094891	194708,051089
4,28	5,21488	199289,445133
4,3	5,21712	199374,911631
4,32	5,239295	200226,437341
4,34	5,26271	201116,765725
4,36	5,348759	204403,983594
4,38	5,357541	204740,598439
4,4	5,462079	208736,96
4,42	5,47538	209243,008352
4,44	5,542302	211803,079072
4,46	5,575275	213064,447236
4,48	5,61752	214682,477063
4,5	5,753034	219864,255365
4,52	5,736647	219237,379022
4,54	5,866189	224179,743349
4,56	5,863298	224076,280974
4,58	5,912948	225972,263244
4,6	5,993236	229033,779702
4,62	6,003485	229427,572536
4,64	6,136611	234516,755072
4,66	6,119105	233841,121676
4,68	6,204136	237099,016228
4,7	6,271741	239683,750751
4,72	6,24413	238626,69862
4,74	6,259014	239194,630732
4,76	6,371379	243491,238034
4,78	6,383649	243965,034003
4,8	6,45671	246748,315641
4,82	6,559973	250693,47839
4,84	6,551269	250367,930495
4,86	6,665482	254730,069482
4,88	6,672943	255017,52019
4,9	6,756206	258191,32295
4,92	6,807823	260164,614209
4,94	6,865654	262376,455071
4,96	6,964049	266139,33276
4,98	6,948471	265536,827495
5	7,077734	270481,041809
5,02	7,11641	271957,389531
5,04	7,188104	274696,747864
5,06	7,258721	277399,797387
5,08	7,256687	277326,850237
5,1	7,403738	282940,017666
5,12	7,409786	283169,604405
5,14	7,411524	283239,664438
5,16	7,404354	282960,435408
5,18	7,40914	283153,150402
5,2	7,536534	288012,260149
5,22	7,526739	287641,116676
5,24	7,639025	291933,390059
5,26	7,707802	294564,669242
5,28	7,74607	296019,566765
5,3	7,870936	300797,505153
5,32	7,873046	300869,241144
5,34	7,973849	304727,429657
5,36	8,020827	306527,949248
5,38	8,060401	308030,031964
5,4	8,173458	312358,14844
5,42	8,162636	311935,731074
5,44	8,299272	317160,378379
5,46	8,310294	317582,802914
5,48	8,423374	321913,753768
5,5	8,519701	325590,03911
5,52	8,528625	325929,660741
5,54	8,661344	331008,465016
5,56	8,661896	331031,059687
5,58	8,663097	331079,912735
5,6	8,719306	333222,346446
5,62	8,843474	337976,342521
5,64	8,861221	338657,600459
5,66	9,048795	345823,700928
5,68	9,055509	346075,379351
5,7	9,165523	350280,883626
5,72	9,250266	353522,089787
5,74	9,269783	354279,648089
5,76	9,438281	360710,251106
5,78	9,4374	360684,250066
5,8	9,584385	366283,810328
5,82	9,674657	369735,089165
5,84	9,71519	371304,983005
5,86	9,839241	376023,604777
5,88	9,839493	376043,352503
5,9	10,04576	383933,057671
5,92	10,073963	385014,106117
5,94	10,166976	388555,686708
5,96	10,259744	392103,154099
5,98	10,255242	391937,783009
6	10,267878	392415,709601
6,02	10,414997	398033,211226
6,04	10,487006	400788,729152
6,06	10,554693	403365,096793
6,08	10,719482	409680,502933
6,1	10,711317	409365,95039
6,12	10,915674	417172,137004
6,14	10,940742	418116,159263
6,16	11,04828	422235,951138
6,18	11,174798	427087,139723
6,2	11,178389	427217,153299
6,22	11,420443	436461,656341
6,24	11,416506	436302,265538
6,26	11,559601	441784,049579
6,28	11,662428	445721,385318
6,3	11,696466	447008,002463
6,32	11,887674	454322,888549
6,34	11,882082	454105,961298
6,36	12,066177	461148,490612
6,38	12,151188	464398,129264
6,4	12,129781	463581,07102
6,42	12,136238	463819,826562
6,44	12,343349	471723,477253
6,46	12,353283	472106,533536
6,48	12,507426	478013,491706
6,5	12,616079	482151,217314
6,52	12,647133	483361,165076
6,54	12,871461	491930,298186
6,56	12,883361	492370,490695
6,58	13,036731	498228,654821
6,6	13,088403	500200,914251
6,62	13,172937	503450,244039
6,64	13,356083	510446,99634
6,66	13,36405	510741,613026
6,68	13,572707	518706,478202
6,7	13,594384	519543,19649
6,72	13,709326	523938,39559
6,74	13,842504	529014,642321
6,76	13,853869	529469,234858
6,78	14,088373	538423,808779
6,8	14,087241	538386,226395
6,82	14,076388	537972,627554
6,84	14,128789	539975,322221
6,86	14,312027	546970,435
6,88	14,304544	546685,939988
6,9	14,516294	554780,577721
6,92	14,549886	556065,640418
6,94	14,646251	559753,512672
6,96	14,774422	564636,135966
6,98	14,775346	564686,811216
7	14,991331	572917,782814
7,02	14,999211	573241,070144
7,04	15,138839	578570,851622
7,06	15,220888	581704,744271
7,08	15,264396	583378,685654
7,1	15,425307	589522,058009
7,12	15,426779	589582,322004
7,14	15,596235	596066,009073
7,16	15,635708	597576,322893
7,18	15,716167	600644,978089
7,2	15,843073	605499,019039
7,22	15,848703	605724,976011
7,24	15,852947	605885,004297
7,26	15,972121	610446,079998
7,28	16,052697	613533,899087
7,3	16,088304	614894,858957
7,32	16,273744	621984,658841
7,34	16,275567	622041,971609
7,36	16,444233	628496,482819
7,38	16,482326	629951,338846
7,4	16,561118	632932,497244
7,42	16,682879	637606,989258
7,44	16,680461	637527,492042
7,46	16,880346	645171,823759
7,48	16,892169	645607,670868
7,5	17,004081	649889,600221
7,52	17,09559	653399,337431
7,54	17,125331	654527,450302
7,56	17,28452	660598,31601
7,58	17,29316	660937,898356
7,6	17,41813	665704,403948
7,62	17,465513	667521,170183
7,64	17,465315	667519,640648
7,66	17,463144	667432,410872
7,68	17,643679	674342,936104
7,7	17,657418	674876,609809
7,72	17,750034	678406,536345
7,74	17,840733	681872,239362
7,76	17,851145	682274,561944
7,78	18,016339	688585,279942
7,8	18,018104	688660,509718
7,82	18,144049	693464,808388
7,84	18,196301	695463,243603
7,86	18,246368	697364,82031
7,88	18,373774	702272,834398
7,9	18,375605	702327,140052
7,92	18,519004	707813,017522
7,94	18,548028	708920,101086
7,96	18,614084	711465,92168
7,98	18,697959	714672,210671
8	18,715477	715341,357403
8,02	18,869889	721238,204141
8,04	18,878759	721582,823136
8,06	18,868992	721215,133489
8,08	18,90791	722726,184932
8,1	19,026486	727261,300775
8,12	19,024736	727208,470006
8,14	19,151918	732063,859015
8,16	19,171184	732774,827605
8,18	19,24632	735669,427947
8,2	19,330708	738870,939981
8,22	19,340314	739251,207712
8,24	19,488793	744938,847942
8,26	19,490629	745004,158187
8,28	19,574393	748205,795557
8,3	19,626408	750195,902417
8,32	19,66383	751626,166012
8,34	19,774011	755830,743506
8,36	19,772674	755775,214666
8,38	19,888538	760218,157881
8,4	19,915457	761251,304314
8,42	19,97138	763411,842117
8,44	20,042477	766090,917766
8,46	20,047679	766301,739664
8,48	20,045606	766212,364826
8,5	20,12989	769459,924779
8,52	20,18175	771444,210466
8,54	20,207505	772411,510327
8,56	20,325585	776926,727341
8,58	20,325194	776899,775174
8,6	20,413935	780310,294598
8,62	20,440619	781304,995967
8,64	20,497597	783478,536815
8,66	20,576406	786516,242257
8,68	20,581001	786680,04831
8,7	20,694845	791049,435514
8,72	20,697065	791123,310778
8,74	20,772659	794015,996421
8,76	20,831833	796285,071812
8,78	20,851464	797027,433684
8,8	20,942197	800478,175059
8,82	20,943255	800512,56601
8,84	21,049381	804572,651075
8,86	21,074752	805570,084147
8,88	21,070035	805364,738849
8,9	21,077753	805668,720779
8,92	21,18391	809726,621864
8,94	21,185744	809811,536343
8,96	21,254071	812431,033089
8,98	21,313694	814713,243692
9	21,332701	815455,214347
9,02	21,435621	819380,67461
9,04	21,43092	819192,708863
9,06	21,52249	822707,381176
9,08	21,548916	823738,349332
9,1	21,595755	825523,289404
9,12	21,675779	828575,446051
9,14	21,670645	828361,074473
9,16	21,782866	832672,081779
9,18	21,785976	832783,528515
9,2	21,850476	835247,752961
9,22	21,900511	837158,486877
9,24	21,909847	837490,962508
9,26	22,008885	841290,137716
9,28	22,009052	841316,80177
9,3	22,011622	841400,819183
9,32	22,049511	842877,960864
9,34	22,123463	845688,430918
9,36	22,125776	845799,26571
9,38	22,217901	849313,180319
9,4	22,229185	849734,787525
9,42	22,292063	852123,973373
9,44	22,349199	854321,796643
9,46	22,357584	854652,413169
9,48	22,455698	858387,764112
9,5	22,457542	858453,482711
9,52	22,534814	861415,271842
9,54	22,560747	862418,27915
9,56	22,593625	863685,534742
9,58	22,666324	866425,272805
9,6	22,663549	866329,974529
9,62	22,764014	870166,841706
9,64	22,770463	870425,933407
9,66	22,819833	872303,699955
9,68	22,879661	874592,109559
9,7	22,874089	874395,123861
9,72	22,873311	874345,730166
9,74	22,942139	877000,552707
9,76	22,970556	878077,672861
9,78	23,010367	879587,205192
9,8	23,079096	882221,956045
9,82	23,077015	882137,367606
9,84	23,175763	885922,240963
9,86	23,179005	886034,166278
9,88	23,229856	888003,678854
9,9	23,277889	889812,83144
9,92	23,291448	890355,760328
9,94	23,380218	893748,699286
9,96	23,381585	893772,908919
9,98	23,456473	896644,165112
10	23,483582	897667,988922
10,02	23,512824	898797,289418
10,04	23,582711	901473,649213
10,06	23,583096	901497,953503
10,08	23,665422	904643,455595
10,1	23,668613	904770,36768
10,12	23,666385	904677,470634
10,14	23,685943	905394,740762
10,16	23,763905	908413,42088
10,18	23,767331	908531,560241
10,2	23,837453	911201,229066
10,22	23,873986	912600,321666
10,24	23,894621	913397,588477
10,26	23,956454	915775,291027
10,28	23,957018	915773,835886
10,3	24,051233	919390,316586
10,32	24,067827	920019,410801
10,34	24,105714	921452,357365
10,36	24,140921	922799,011994
10,38	24,142337	922876,511599
10,4	24,247664	926899,945795
10,42	24,243239	926750,535665
10,44	24,297982	928825,352233
10,46	24,32749	929942,523163
10,48	24,346414	930684,829288
10,5	24,412201	933182,49322
10,52	24,408963	933047,329453
10,54	24,4105	933146,316568
10,56	24,459857	934986,450412
10,58	24,509716	936933,820763
10,6	24,517116	937200,324025
10,62	24,605476	940594,701718
10,64	24,609227	940736,583625
10,66	24,665737	942899,469825
10,68	24,689559	943815,246156
10,7	24,704683	944413,854965
10,72	24,776943	947166,64021
10,74	24,772147	946990,410899
10,76	24,855224	950152,958709
10,78	24,869426	950702,377996
10,8	24,901909	951942,12177
10,82	24,953852	953930,188802
10,84	24,956364	954029,718389
10,86	25,050274	957598,798039
10,88	25,042907	957337,604862
10,9	25,097253	959422,110556
10,92	25,128836	960626,975686
10,94	25,120579	960336,638286
10,96	25,128146	960564,048405
10,98	25,193773	963108,05132
11	25,212833	963842,629608
11,02	25,250978	965306,737993
11,04	25,30635	967404,687418
11,06	25,306597	967441,310123
11,08	25,393153	970726,859386
11,1	25,392431	970690,559586
11,12	25,446161	972739,884009
11,14	25,479479	974016,396232
11,16	25,495513	974659,415105
11,18	25,572361	977586,198188
11,2	25,568425	977447,8034
11,22	25,627343	979681,263405
11,24	25,639967	980145,055507
11,26	25,67783	981630,148613
11,28	25,736046	983831,984721
11,3	25,729747	983587,391126
11,32	25,800875	986336,656397
11,34	25,803794	986421,825595
11,36	25,802165	986387,037855
11,38	25,823143	987164,631137
11,4	25,884787	989539,212167
11,42	25,881906	989430,957728
11,44	25,945464	991849,40328
11,46	25,95937	992367,595158
11,48	25,993396	993646,360012
11,5	26,039845	995441,619489
11,52	26,040421	995459,876406
11,54	26,109357	998106,492766
11,56	26,112167	998183,7139
11,58	26,16057	1000064,010749
11,6	26,187798	1001127,005685
11,62	26,201621	1001631,044278
11,64	26,258458	1003774,82557
11,66	26,252373	1003565,987542
11,68	26,311851	1005840,956443
11,7	26,325754	1006382,537561
11,72	26,359685	1007652,43772
11,74	26,39882	1009167,492894
11,76	26,400115	1009249,510444
11,78	26,401725	1009320,346986
11,8	26,440473	1010767,156656
11,82	26,465296	1011730,067332
11,84	26,48602	1012516,888009
11,86	26,546711	1014847,773956
11,88	26,547005	1014845,369665
11,9	26,610803	1017269,797949
11,92	26,626326	1017845,066606
11,94	26,652786	1018902,039168
11,96	26,69758	1020618,315896
11,98	26,695843	1020528,263824
12	26,772158	1023422,259047
12,02	26,770083	1023347,815788
12,04	26,806634	1024728,684497
12,06	26,833557	1025816,538849
12,08	26,847818	1026342,779241
12,1	26,910157	1028746,447169
12,12	26,91151	1028761,319594
12,14	26,955235	1030469,875535
12,16	26,971683	1031045,459783
12,18	26,971568	1031050,566066
12,2	26,972766	1031088,585811
12,22	27,042296	1033758,635021
12,24	27,03825	1033606,299167
12,26	27,085235	1035372,905613
12,28	27,113301	1036479,975801
12,3	27,122563	1036865,014302
12,32	27,171385	1038707,029701
12,34	27,17302	1038793,393565
12,36	27,22873	1040892,482251
12,38	27,244121	1041501,515899
12,4	27,268757	1042428,376358
12,42	27,306276	1043868,848878
12,44	27,308269	1043925,584191
12,46	27,369149	1046277,623046
12,48	27,376691	1046571,798599
12,5	27,40812	1047778,453504
12,52	27,435939	1048837,557845
12,54	27,441365	1049036,644055
12,56	27,49779	1051169,590982
12,58	27,501938	1051348,913261
12,6	27,498476	1051208,063145
12,62	27,526317	1052279,221741
12,64	27,566428	1053794,955378
12,66	27,560514	1053575,310447
12,68	27,617417	1055777,524654
12,7	27,606337	1055340,859447
12,72	27,649898	1056976,415898
12,74	27,688925	1058476,657859
12,76	27,69712	1058797,34607
12,78	27,732985	1060197,994271
12,8	27,736731	1060299,259036
12,82	27,787817	1062254,120161
12,84	27,809511	1063110,531367
12,86	27,830482	1063869,676725
12,88	27,870733	1065447,725417
12,9	27,873087	1065509,10498
12,92	27,920389	1067353,498324
12,94	27,91994	1067331,140225
12,96	27,959318	1068818,458087
12,98	27,990378	1069995,871015
13	27,99155	1070054,081471
13,02	27,980948	1069635,715357
13,04	28,022375	1071203,590764
13,06	28,037055	1071794,096938
13,08	28,05508	1072515,33266
13,1	28,101912	1074289,042735
13,12	28,100565	1074264,510252
13,14	28,158135	1076456,005233
13,16	28,163624	1076643,166456
13,18	28,191628	1077668,558679
13,2	28,228004	1079111,603032
13,22	28,228165	1079115,228772
13,24	28,287928	1081366,766319
13,26	28,29053	1081463,062569
13,28	28,326629	1082877,26609
13,3	28,347801	1083660,720181
13,32	28,363218	1084292,392748
13,34	28,414557	1086251,574089
13,36	28,411282	1086113,67971
13,38	28,455021	1087778,19332
13,4	28,465854	1088214,798907
13,42	28,46769	1088225,079656
13,44	28,468419	1088278,144811
13,46	28,517706	1090179,171099
13,48	28,520081	1090249,689228
13,5	28,550746	1091439,098372
13,52	28,568118	1092090,524459
13,54	28,585589	1092766,804587
13,56	28,623556	1094228,980118
13,58	28,627431	1094381,222933
13,6	28,679029	1096312,325624
13,62	28,687505	1096655,653313
13,64	28,713908	1097668,677982
13,66	28,741279	1098686,712307
13,68	28,746957	1098928,827995
13,7	28,797825	1100867,780675
13,72	28,799129	1100935,42194
13,74	28,829589	1102119,083496
13,76	28,84504	1102709,415607
13,78	28,859759	1103218,28285
13,8	28,911231	1105224,831845
13,82	28,907897	1105106,154409
13,84	28,902298	1104872,068584
13,86	28,925035	1105755,036006
13,88	28,948786	1106627,80502
13,9	28,947843	1106610,847418
13,92	29,002278	1108699,086464
13,94	28,997924	1108517,43037
13,96	29,023714	1109514,641405
13,98	29,05183	1110595,029217
14	29,052194	1110587,486093
14,02	29,08781	1111918,764676
14,04	29,092956	1112144,79938
14,06	29,133326	1113684,123388
14,08	29,138725	1113937,280406
14,1	29,163839	1114880,449411
14,12	29,193965	1115992,810598
14,14	29,188539	1115827,57388
14,16	29,217133	1116934,050905
14,18	29,212436	1116748,888801
14,2	29,209815	1116635,038295
14,22	29,215983	1116849,43685
14,24	29,211731	1116692,033925
14,26	29,212718	1116761,541152
14,28	29,214046	1116787,833318
14,3	29,211148	1116678,893198
14,32	29,211447	1116686,140208
14,34	29,208565	1116562,535458
14,36	29,215214	1116817,44079
14,38	29,21472	1116807,507938
14,4	29,213277	1116724,727444
14,42	29,215472	1116812,929271
14,44	29,214998	1116777,347694
14,46	29,217612	1116897,229688
14,48	29,211258	1116654,73478
14,5	29,212279	1116675,629569
14,52	29,210935	1116653,865426
14,54	29,216976	1116858,27342
14,56	29,214201	1116751,82649
14,58	29,214051	1116722,157369
14,6	29,21796	1116884,120663
14,62	29,211191	1116621,642687
14,64	29,209713	1116592,577633
14,66	29,215959	1116828,070486
14,68	29,216642	1116841,661965
14,7	29,216219	1116805,030829
14,72	29,213452	1116735,408474
14,74	29,2139	1116742,090812
14,76	29,214789	1116777,478096
14,78	29,211214	1116650,609456
14,8	29,216545	1116826,850836
14,82	29,21177	1116641,608554
14,84	29,211927	1116643,402968
14,86	29,212322	1116669,698717
14,88	29,21619	1116799,736963
14,9	29,210659	1116621,743303
14,92	29,210339	1116588,859007
14,94	29,214512	1116778,179675
14,96	29,214179	1116749,763962
14,98	29,213841	1116735,739026
15	29,21777	1116879,654069
15,02	29,21832	1116934,674782
15,04	29,217532	1116870,287655
15,06	29,214402	1116750,178947
15,08	29,21452	1116747,749393
15,1	29,214894	1116759,337501
15,12	29,217577	1116870,208952
15,14	29,211945	1116681,716166
15,16	29,217753	1116875,811807
15,18	29,216684	1116824,802164
15,2	29,21476	1116734,352086
15,22	29,216345	1116821,740218
15,24	29,219497	1116944,744023
15,26	29,213566	1116704,45976
15,28	29,212956	1116714,57753
15,3	29,216212	1116839,631152
15,32	29,215423	1116760,14172
15,34	29,208731	1116533,024347
15,36	29,214046	1116736,548072
15,38	29,213642	1116733,150026
15,4	29,217261	1116859,08862
15,42	29,216822	1116824,467739
15,44	29,215791	1116762,613357
15,46	29,211325	1116628,974054
15,48	29,212039	1116647,798025
15,5	29,21274	1116680,368572
15,52	29,214382	1116762,375924
15,54	29,216496	1116796,763171
15,56	29,213378	1116666,298117
15,58	29,214253	1116728,043626
15,6	29,213846	1116709,578189
15,62	29,21739	1116857,269677
15,64	29,214638	1116720,066062
15,66	29,217903	1116826,455828
15,68	29,213944	1116718,472001
15,7	29,214743	1116789,359796
15,72	29,212447	1116663,742276
15,74	29,218188	1116894,524653
15,76	29,213456	1116698,317832
15,78	29,213375	1116702,514314
15,8	29,2179	1116924,040879
15,82	29,211255	1116627,896265
15,84	29,215558	1116786,77547
15,86	29,216692	1116834,726338
15,88	29,214982	1116767,587438
15,9	29,217786	1116875,962949
15,92	29,212515	1116693,437894
15,94	29,214012	1116717,901019
15,96	29,219855	1116946,570145
15,98	29,21179	1116626,048631
16	29,219131	1116882,5541
16,02	29,216856	1116798,557964
16,04	29,217296	1116783,546858
16,06	29,213139	1116670,414316
16,08	29,215158	1116732,837492
16,1	29,213973	1116701,066923
16,12	29,218085	1116842,015248
16,14	29,212907	1116628,96851
16,16	29,216363	1116774,300728
16,18	29,217822	1116808,795321
16,2	29,214114	1116698,98591
16,22	29,212264	1116580,084117
16,24	29,218275	1116849,844594
16,26	29,212442	1116634,415613
16,28	29,217732	1116824,116974
16,3	29,215413	1116738,480928
16,32	29,212917	1116638,859852
16,34	29,214885	1116710,741502
16,36	29,21616	1116771,777553
16,38	29,216465	1116745,265945
16,4	29,212709	1116634,752999
16,42	29,217706	1116786,813389
16,44	29,220503	1116895,31253
16,46	29,212828	1116654,99004
16,48	29,214952	1116734,583189
16,5	29,214043	1116705,507372
16,52	29,215187	1116746,538219
16,54	29,219033	1116870,298775
16,56	29,215006	1116746,918067
16,58	29,214867	1116736,355976
16,6	29,219504	1116880,722994
16,62	29,217765	1116809,977171
16,64	29,218261	1116834,167771
16,66	29,21935	1116863,732545
16,68	29,216424	1116756,207219
16,7	29,214699	1116713,774466
16,72	29,212752	1116622,937712
16,74	29,2169	1116745,518643
16,76	29,21631	1116759,41148
16,78	29,217684	1116824,261244
16,8	29,213798	1116645,829895
16,82	29,217183	1116769,064855
16,84	29,21825	1116840,282098
16,86	29,214255	1116670,003239
16,88	29,220015	1116902,902787
16,9	29,214488	1116702,167547
16,92	29,219288	1116871,737976
16,94	29,216504	1116771,378936
16,96	29,212979	1116620,765972
16,98	29,212014	1116602,083852
17	29,220332	1116901,380115
17,02	29,21298	1116647,635185
17,04	29,212388	1116612,832727
17,06	29,216686	1116786,09814
17,08	29,213671	1116637,527098
17,1	29,21715	1116806,742785
17,12	29,212757	1116650,582288
17,14	29,218451	1116817,618758
17,16	29,214599	1116709,117143
17,18	29,215128	1116693,949818
17,2	29,213302	1116623,317487
17,22	29,220616	1116932,490432
17,24	29,221865	1116974,707324
17,26	29,217109	1116767,245178
17,28	29,217928	1116842,743624
17,3	29,216754	1116783,005146
17,32	29,214298	1116690,974501
17,34	29,215801	1116732,96015
17,36	29,216798	1116782,085929
17,38	29,214372	1116707,086028
17,4	29,21699	1116801,652032
17,42	29,221584	1116937,647948
17,44	29,21289	1116601,587186
17,46	29,21641	1116758,183975
17,48	29,214312	1116705,81142
17,5	29,212126	1116611,523151
17,52	29,219164	1116893,633686
17,54	29,216962	1116774,501333
17,56	29,216614	1116764,03702
17,58	29,214125	1116697,915421
17,6	29,213029	1116636,52928
17,62	29,214391	1116682,312339
17,64	29,214873	1116707,641421
17,66	29,221427	1116947,623195
17,68	29,217717	1116798,352445
17,7	29,214702	1116696,054584
17,72	29,217299	1116791,887636
17,74	29,221939	1116976,526545
17,76	29,217768	1116798,142576
17,78	29,216199	1116755,824833
17,8	29,216114	1116758,438225
17,82	29,217485	1116825,035332
17,84	29,216722	1116813,925926
17,86	29,216363	1116774,300728
17,88	29,218217	1116822,477426
17,9	29,217323	1116835,950245
17,92	29,213386	1116695,558742
17,94	29,214421	1116698,502191
