TIME [s]	VITESSE [m/s]	NBR REYNOLDS
0,02	0,598917	22884,948678
0,04	0,398525	15227,863517
0,06	0,518873	19825,655295
0,08	1,387838	53030,402867
0,1	1,068402	40824,472626
0,12	0,697616	26655,839781
0,14	0,388097	14829,01828
0,16	0,787185	30077,699535
0,18	0,499149	19072,430266
0,2	0,601711	22991,251773
0,22	0,509097	19452,890821
0,24	0,165897	6338,842098
0,26	0,901112	34431,363535
0,28	0,723503	27645,391704
0,3	0,670727	25628,183864
0,32	0,749069	28621,74643
0,34	0,601713	22991,200451
0,36	0,584084	22317,388484
0,38	0,451653	17257,446988
0,4	0,599623	22911,423594
0,42	0,426896	16311,855256
0,44	0,64789	24755,826754
0,46	0,418979	16009,776008
0,48	0,723515	27645,155412
0,5	0,415165	15863,423316
0,52	1,46008	55790,667683
0,54	1,40933	53850,406594
0,56	0,367977	14060,469643
0,58	0,588356	22481,102695
0,6	0,51319	19609,122382
0,62	0,03023	1155,151553
0,64	0,776476	29669,20513
0,66	0,528446	20192,018128
0,68	0,645948	24681,775546
0,7	0,565901	21622,7148
0,72	0,390039	14903,69821
0,74	0,808653	30899,108759
0,76	0,486414	18586,204031
0,78	0,601715	22991,159259
0,8	0,501651	19168,324244
0,82	0,636158	24308,027758
0,84	0,634185	24232,515105
0,86	0,526073	20100,963265
0,88	0,701197	26793,049006
0,9	0,403741	15426,953587
0,92	0,515631	19702,269963
0,94	1,432343	54729,610447
0,96	1,268168	48455,20267
0,98	0,726972	27777,397632
1	0,541729	20699,686988
1,02	0,670095	25604,531903
1,04	0,526854	20131,599645
1,06	0,664465	25388,812243
1,08	0,661926	25292,783692
1,1	0,609988	23307,830067
1,12	0,708328	27064,884371
1,14	0,119563	4568,479385
1,16	0,878548	33569,618552
1,18	0,561439	21452,8594
1,2	0,391116	14944,485582
1,22	0,777546	29710,468134
1,24	0,493249	18847,042842
1,26	0,616798	23568,476144
1,28	0,444178	16972,184514
1,3	0,638786	24408,20062
1,32	0,597525	22831,396471
1,34	0,807628	30859,368241
1,36	1,254921	47951,962129
1,38	1,509595	57682,501589
1,4	0,715961	27356,575405
1,42	0,550918	21050,567602
1,44	0,840589	32120,022225
1,46	0,763986	29192,152244
1,48	0,921757	35220,281791
1,5	0,725235	27711,575858
1,52	0,833623	31852,232357
1,54	0,749074	28621,645551
1,56	0,741207	28321,661381
1,58	0,87331	33368,671036
1,6	0,667593	25509,002705
1,62	0,533167	20372,738131
1,64	0,636818	24333,058307
1,66	0,263616	10072,714735
1,68	0,776474	29669,252188
1,7	0,622206	23774,633224
1,72	0,441349	16863,832595
1,74	0,337138	12882,145877
1,76	0,516452	19733,010527
1,78	1,257609	48053,186994
1,8	1,049057	40084,826386
1,82	0,439451	16791,259839
1,84	0,064062	2447,859381
1,86	0,138971	5310,139852
1,88	0,22971	8777,179987
1,9	0,144866	5535,270285
1,92	0,476147	18194,01106
1,94	0,558606	21343,703301
1,96	0,653795	24981,267974
1,98	0,802002	30644,813488
2	0,509265	19458,38525
2,02	0,646722	24710,954141
2,04	0,563066	21514,928801
2,06	0,822607	31431,331964
2,08	0,655707	25054,561076
2,1	0,745809	28497,608322
2,12	0,99724	38104,153905
2,14	0,868589	33188,80469
2,16	1,00225	38296,122968
2,18	1,044349	39904,222178
2,2	0,936225	35774,233497
2,22	1,038722	39689,572066
2,24	1,156084	44174,055278
2,26	1,135269	43379,32971
2,28	1,243224	47503,829333
2,3	1,310707	50080,925868
2,32	1,333774	50963,486959
2,34	1,24324	47503,491679
2,36	1,317671	50349,154314
2,38	1,39239	53201,990516
2,4	1,28297	49021,438279
2,42	1,426763	54517,702319
2,44	1,467524	56074,1242
2,46	1,530843	58493,415694
2,48	1,587437	60655,67549
2,5	1,583472	60504,691667
2,52	1,59716	61026,844236
2,54	1,652006	63121,366835
2,56	1,671621	63871,585785
2,58	1,706257	65196,60871
2,6	1,807392	69062,376713
2,62	1,717021	65607,033858
2,64	1,77849	67956,964564
2,66	1,798604	68725,10397
2,68	1,868176	71383,035997
2,7	1,945161	74324,369882
2,72	1,935696	73961,693323
2,74	2,020868	77216,933685
2,76	1,986632	75909,411178
2,78	2,005719	76637,315765
2,8	2,114493	80795,044648
2,82	2,068131	79021,922611
2,84	2,133393	81517,236875
2,86	2,200144	84069,160183
2,88	2,212673	84546,680475
2,9	2,210634	84466,364375
2,92	2,254633	86148,524992
2,94	2,3516	89853,015738
2,96	2,334269	89191,879341
2,98	2,40573	91922,283696
3	2,500317	95537,841235
3,02	2,50752	95811,787439
3,04	2,454073	93770,348407
3,06	2,471251	94425,068443
3,08	2,514991	96098,560532
3,1	2,58176	98650,699892
3,12	2,642142	100956,373738
3,14	2,638513	100816,921146
3,16	2,70097	103205,683236
3,18	2,690437	102802,317367
3,2	2,80967	107356,997488
3,22	2,848801	108854,333413
3,24	2,849837	108893,417585
3,26	2,932857	112065,320342
3,28	2,971704	113547,473042
3,3	3,0136	115149,695039
3,32	3,026921	115656,944837
3,34	3,0879	117988,205756
3,36	3,196457	122138,357063
3,38	3,172728	121229,42815
3,4	3,234696	123599,079722
3,42	3,267627	124857,120787
3,44	3,195865	122112,073547
3,46	3,218172	122963,826425
3,48	3,314574	126647,310984
3,5	3,307296	126373,864678
3,52	3,400223	129922,441838
3,54	3,467309	132486,667919
3,56	3,524983	134689,0295
3,58	3,560936	136065,451088
3,6	3,546035	135493,500861
3,62	3,685323	140813,307667
3,64	3,665874	140069,829896
3,66	3,722905	142256,614843
3,68	3,788802	144768,806083
3,7	3,801898	145270,101732
3,72	3,906108	149249,156768
3,74	3,892587	148733,022759
3,76	3,990029	152459,961873
3,78	3,993449	152592,823979
3,8	4,040897	154406,887339
3,82	4,130289	157820,176134
3,84	4,141415	158245,041731
3,86	4,133373	157935,181945
3,88	4,164624	159128,881755
3,9	4,262086	162858,671067
3,92	4,280286	163548,909399
3,94	4,393422	167869,89163
3,96	4,40559	168334,738637
3,98	4,469633	170783,89567
4	4,49851	171889,177527
4,02	4,532735	173199,166988
4,04	4,60482	175944,998772
4,06	4,601834	175835,569454
4,08	4,719622	180337,182633
4,1	4,723407	180483,165108
4,12	4,768991	182222,941368
4,14	4,859402	185673,147469
4,16	4,860791	185730,547853
4,18	4,99141	190717,917237
4,2	4,954573	189315,731575
4,22	5,034295	192356,123222
4,24	5,080556	194131,104434
4,26	5,061503	193403,356693
4,28	5,077122	193993,614283
4,3	5,169491	197524,561136
4,32	5,203221	198816,508036
4,34	5,242773	200327,710753
4,36	5,335829	203883,116881
4,38	5,352768	204532,717144
4,4	5,456295	208488,315267
4,42	5,463712	208772,412455
4,44	5,542616	211785,524739
4,46	5,569551	212819,651553
4,48	5,605165	214176,619274
4,5	5,693772	217561,857761
4,52	5,700705	217820,467078
4,54	5,789105	221196,263561
4,56	5,819302	222353,761517
4,58	5,868215	224224,641825
4,6	5,969852	228101,385867
4,62	5,954713	227530,583309
4,64	6,082557	232415,27313
4,66	6,051847	231248,250707
4,68	6,05409	231315,770502
4,7	6,10979	233447,727757
4,72	6,188849	236478,204728
4,74	6,187373	236413,214098
4,76	6,312156	241189,236958
4,78	6,344385	242413,963554
4,8	6,422347	245396,385655
4,82	6,466849	247101,203722
4,84	6,475072	247418,254565
4,86	6,609113	252532,245714
4,88	6,602401	252272,156503
4,9	6,702686	256109,928413
4,92	6,768022	258601,453753
4,94	6,777989	258984,356675
4,96	6,893249	263395,201393
4,98	6,892933	263387,453656
5	7,006847	267739,111705
5,02	7,035441	268824,288393
5,04	7,089579	270888,207024
5,06	7,180142	274358,222082
5,08	7,166421	273835,23463
5,1	7,152679	273304,254466
5,12	7,245356	276850,525521
5,14	7,283666	278305,740813
5,16	7,331592	280141,97418
5,18	7,439613	284266,568551
5,2	7,44565	284502,377275
5,22	7,574556	289424,217844
5,24	7,593048	290126,339386
5,26	7,648308	292244,093552
5,28	7,730342	295377,130851
5,3	7,756335	296369,291193
5,32	7,859833	300319,116794
5,34	7,88188	301167,867709
5,36	7,977881	304831,377186
5,38	8,010705	306084,011892
5,4	8,064481	308152,160056
5,42	8,179868	312557,352477
5,44	8,195406	313144,340082
5,46	8,339462	318651,44038
5,48	8,355689	319271,683169
5,5	8,345085	318865,768455
5,52	8,36072	319465,21138
5,54	8,513334	325298,910846
5,56	8,511652	325229,561358
5,58	8,628966	329719,674725
5,6	8,681141	331713,527373
5,62	8,734948	333768,047002
5,64	8,867176	338820,433773
5,66	8,859441	338516,405096
5,68	9,037143	345307,445826
5,7	9,080682	346973,234535
5,72	9,152088	349694,336342
5,74	9,266943	354092,271154
5,76	9,246695	353316,530995
5,78	9,448401	361026,637593
5,8	9,46906	361815,2254
5,82	9,581793	366122,849611
5,84	9,659386	369087,25004
5,86	9,683038	369990,952264
5,88	9,873419	377268,344108
5,9	9,877063	377409,940255
5,92	9,860445	376760,449099
5,94	9,931461	379479,965312
5,96	10,046522	383882,494529
5,98	10,053478	384147,853512
6	10,281061	392840,219266
6,02	10,288474	393129,867897
6,04	10,401939	397458,011381
6,06	10,497629	401116,071799
6,08	10,530148	402359,51347
6,1	10,736686	410255,854452
6,12	10,735766	410215,244402
6,14	10,900977	416536,567601
6,16	10,963531	418916,870237
6,18	11,025773	421296,238235
6,2	11,218019	428648,191929
6,22	11,207619	428237,352574
6,24	11,408555	435917,932265
6,26	11,425533	436574,109817
6,28	11,546861	441195,824331
6,3	11,67442	446078,894404
6,32	11,673835	446057,24453
6,34	11,673072	446035,043891
6,36	11,839592	452377,789692
6,38	11,904197	454862,629009
6,4	11,982832	457857,074082
6,42	12,166715	464894,013275
6,44	12,163259	464769,135232
6,46	12,379625	473025,431231
6,48	12,420781	474618,955519
6,5	12,537624	479071,706047
6,52	12,670933	484178,591633
6,54	12,679541	484503,753392
6,56	12,920256	493712,176839
6,58	12,931973	494149,979175
6,6	13,065972	499284,100531
6,62	13,158253	502801,32373
6,64	13,216262	505017,054563
6,66	13,42447	512975,383687
6,68	13,411706	512503,445466
6,7	13,598521	519633,086107
6,72	13,652762	521695,756749
6,74	13,648432	521509,28593
6,76	13,649456	521576,513076
6,78	13,891808	530832,849895
6,8	13,89789	531081,032942
6,82	14,053672	537023,353186
6,84	14,162695	541176,257432
6,86	14,193848	542373,044965
6,88	14,408499	550574,426421
6,9	14,404855	550429,287582
6,92	14,566105	556606,000017
6,94	14,624755	558846,72809
6,96	14,700856	561746,898202
6,98	14,853929	567603,174862
7	14,857029	567706,486468
7,02	15,052174	575164,587413
7,04	15,067347	575774,679594
7,06	15,182166	580148,650505
7,08	15,287958	584194,994028
7,1	15,309801	585042,214831
7,12	15,515692	592905,827363
7,14	15,513461	592818,640695
7,16	15,502946	592413,658833
7,18	15,569333	594947,746272
7,2	15,714816	600534,464105
7,22	15,718915	600687,838141
7,24	15,914429	608169,79463
7,26	15,93172	608806,557054
7,28	16,045562	613156,405545
7,3	16,158842	617493,523262
7,32	16,164566	617698,155699
7,34	16,369894	625530,223168
7,36	16,368903	625510,116942
7,38	16,493745	630316,473427
7,4	16,563728	632966,03867
7,42	16,611241	634775,813424
7,44	16,763028	640598,349441
7,46	16,758167	640396,215644
7,48	16,93333	647092,255818
7,5	16,962378	648217,60406
7,52	17,041263	651200,599405
7,54	17,166829	656006,721692
7,56	17,162915	655863,862864
7,58	17,163805	655910,031695
7,6	17,27723	660227,821202
7,62	17,350399	663028,302203
7,64	17,398052	664854,707565
7,66	17,539809	670267,930735
7,68	17,539681	670264,956518
7,7	17,691258	676052,922814
7,72	17,723955	677311,063477
7,74	17,80473	680396,482934
7,76	17,909617	684400,919098
7,78	17,906167	684275,6456
7,8	18,087671	691195,741496
7,82	18,083764	691070,972516
7,84	18,186786	694996,180992
7,86	18,258596	697740,669473
7,88	18,29177	698993,524261
7,9	18,434598	704444,997168
7,92	18,440065	704648,476148
7,94	18,558871	709203,716805
7,96	18,601339	710819,691512
7,98	18,594009	710563,497616
8	18,602279	710887,63728
8,02	18,755167	716727,083556
8,04	18,760623	716925,374064
8,06	18,848564	720284,368549
8,08	18,911095	722696,557149
8,1	18,941695	723834,431557
8,12	19,095113	729722,354722
8,14	19,091858	729594,925761
8,16	19,207496	734019,835616
8,18	19,254334	735819,477301
8,2	19,292316	737278,71367
8,22	19,40222	741473,743587
8,24	19,394933	741189,058109
8,26	19,538525	746657,749163
8,28	19,552778	747214,642582
8,3	19,626119	750014,430292
8,32	19,688565	752413,298448
8,34	19,696959	752726,121174
8,36	19,842654	758310,848616
8,38	19,841486	758264,260109
8,4	19,838137	758128,731628
8,42	19,878061	759646,642834
8,44	19,985203	763764,789898
8,46	19,979517	763545,968894
8,48	20,093727	767918,483356
8,5	20,111439	768570,059572
8,52	20,174994	770978,027845
8,54	20,250685	773903,076513
8,56	20,25938	774231,411033
8,58	20,382818	778958,627159
8,6	20,38636	779056,90296
8,62	20,483472	782796,353884
8,64	20,519042	784165,015171
8,66	20,558709	785689,661848
8,68	20,65059	789189,854223
8,7	20,640819	788811,096322
8,72	20,759519	793341,240911
8,74	20,774705	793910,520731
8,76	20,841653	796509,177382
8,78	20,894481	798502,214889
8,8	20,90159	798775,835541
8,82	20,901636	798790,208756
8,84	20,986587	802020,570568
8,86	21,018764	803243,867414
8,88	21,055474	804675,82273
8,9	21,136556	807750,677064
8,92	21,145893	808107,317357
8,94	21,255573	812288,62543
8,96	21,270149	812846,46862
8,98	21,327567	815054,496365
9	21,396365	817701,799871
9,02	21,402	817898,251367
9,04	21,503853	821795,958413
9,06	21,505866	821874,549068
9,08	21,586058	824936,020259
9,1	21,625086	826423,082843
9,12	21,661713	827827,209894
9,14	21,729684	830408,613924
9,16	21,732146	830522,006664
9,18	21,832926	834381,537676
9,2	21,851074	835071,57233
9,22	21,848615	834958,992682
9,24	21,851806	835111,645048
9,26	21,951141	838878,830411
9,28	21,954283	838998,918876
9,3	22,024023	841671,94559
9,32	22,069244	843392,700139
9,34	22,09501	844386,403237
9,36	22,179284	847595,581588
9,38	22,180408	847650,065942
9,4	22,274091	851269,330804
9,42	22,289439	851839,267081
9,44	22,339269	853729,626818
9,46	22,404773	856208,477
9,48	22,412866	856514,696796
9,5	22,511477	860323,702012
9,52	22,509606	860225,653439
9,54	22,574604	862703,544858
9,56	22,619706	864427,441504
9,58	22,644925	865384,471428
9,6	22,72456	868440,913267
9,62	22,723309	868414,793899
9,64	22,724779	868445,057971
9,66	22,776749	870433,246296
9,68	22,827111	872376,535591
9,7	22,836462	872721,291858
9,72	22,933262	876446,763027
9,74	22,938509	876660,328059
9,76	22,996366	878851,574678
9,78	23,03869	880484,843665
9,8	23,05741	881209,839067
9,82	23,144543	884537,904677
9,84	23,129089	883945,454667
9,86	23,220616	887444,68117
9,88	23,247787	888458,643079
9,9	23,280277	889725,750592
9,92	23,332708	891716,831425
9,94	23,326087	891474,874105
9,96	23,442359	895906,136942
9,98	23,446151	896081,905989
10	23,49742	898016,584528
10,02	23,529923	899274,334646
10,04	23,524783	899043,61987
10,06	23,528649	899231,63289
10,08	23,61092	902360,746738
10,1	23,622393	902786,557618
10,12	23,671314	904662,304642
10,14	23,733692	907045,575733
10,16	23,729589	906877,253391
10,18	23,818084	910277,475755
10,2	23,820205	910351,455586
10,22	23,871758	912345,859161
10,24	23,918069	914093,040152
10,26	23,931419	914618,68888
10,28	24,014684	917803,14333
10,3	24,011879	917677,601251
10,32	24,064954	919726,635258
10,34	24,083357	920398,486031
10,36	24,121352	921861,265483
10,38	24,188731	924419,929243
10,4	24,18888	924445,350665
10,42	24,250309	926806,419619
10,44	24,255299	926993,57541
10,46	24,253646	926929,297533
10,48	24,274036	927717,248092
10,5	24,364625	931152,189865
10,52	24,361764	931064,816288
10,54	24,449325	934409,442401
10,56	24,468975	935114,445502
10,58	24,494529	936123,817025
10,6	24,544241	938045,114096
10,62	24,543417	938012,996571
10,64	24,637494	941607,621422
10,66	24,641713	941774,204072
10,68	24,687034	943496,393959
10,7	24,722174	944848,759982
10,72	24,731192	945167,109212
10,74	24,806801	948062,980728
10,76	24,812263	948276,553206
10,78	24,873151	950606,274443
10,8	24,901096	951670,706768
10,82	24,920235	952409,634947
10,84	24,973075	954419,038686
10,86	24,969619	954292,314451
10,88	24,964905	954115,650238
10,9	25,017763	956154,588145
10,92	25,066866	958003,243141
10,94	25,076893	958366,476845
10,96	25,1542	961360,802497
10,98	25,152608	961301,716845
11	25,204179	963273,580877
11,02	25,217728	963787,389832
11,04	25,246929	964866,794389
11,06	25,306445	967137,030845
11,08	25,314387	967445,580687
11,1	25,381274	970011,064704
11,12	25,3901	970372,696456
11,14	25,424907	971692,821124
11,16	25,467686	973312,362777
11,18	25,472655	973513,164101
11,2	25,556125	976694,241454
11,22	25,546337	976319,42941
11,24	25,59325	978131,233822
11,26	25,618231	979066,635354
11,28	25,613149	978894,914382
11,3	25,61698	979025,221929
11,32	25,696027	982053,694014
11,34	25,704221	982370,947063
11,36	25,751421	984166,398919
11,38	25,793512	985769,42868
11,4	25,797344	985957,484067
11,42	25,860259	988345,555181
11,44	25,864188	988482,320239
11,46	25,916166	990491,595879
11,48	25,942101	991448,967528
11,5	25,962226	992224,422651
11,52	26,007968	993976,172006
11,54	26,011693	994128,243082
11,56	26,086858	996960,60672
11,58	26,098336	997422,515459
11,6	26,127898	998574,428925
11,62	26,160915	999818,501254
11,64	26,156606	999667,601675
11,66	26,227183	1002378,199641
11,68	26,230022	1002465,920593
11,7	26,233303	1002598,943558
11,72	26,253215	1003375,897962
11,74	26,302198	1005221,687898
11,76	26,304754	1005292,384499
11,78	26,370469	1007841,21972
11,8	26,379347	1008176,663306
11,82	26,410031	1009371,44508
11,84	26,442005	1010577,409726
11,86	26,451886	1010940,029993
11,88	26,522314	1013621,230113
11,9	26,524635	1013712,480271
11,92	26,569038	1015416,313977
11,94	26,593242	1016343,217447
11,96	26,606894	1016868,980577
11,98	26,653304	1018635,879635
12	26,65479	1018703,999317
12,02	26,716371	1021068,623086
12,04	26,721414	1021232,489293
12,06	26,754665	1022524,739908
12,08	26,79402	1024010,848395
12,1	26,785314	1023719,434403
12,12	26,789515	1023855,883902
12,14	26,832839	1025483,603219
12,16	26,853827	1026299,803605
12,18	26,869564	1026911,178658
12,2	26,928157	1029118,35964
12,22	26,925213	1029032,948037
12,24	26,986301	1031353,981884
