TIME [s]	VITESSE [m/s]	NBR REYNOLDS
0,02	0,45621	17434,435752
0,04	0,729765	27888,677836
0,06	0,526016	20102,154927
0,08	0,518811	19826,934304
0,1	0,733762	28041,557874
0,12	0,580421	22181,699323
0,14	0,396377	15148,364868
0,16	0,385691	14739,671288
0,18	0,574634	21960,290345
0,2	0,605108	23125,047856
0,22	0,607872	23230,273802
0,24	0,606493	23177,686833
0,26	0,444136	16973,062071
0,28	0,553892	21167,364769
0,3	1,345182	51407,7559
0,32	0,84796	32405,079049
0,34	0,586159	22400,73265
0,36	0,469752	17952,144254
0,38	0,724595	27690,831409
0,4	0,615384	23517,764842
0,42	0,588303	22482,202323
0,44	0,620798	23724,506895
0,46	0,481178	18389,084343
0,48	0,848928	32443,106647
0,5	0,72747	27800,962944
0,52	0,519616	19857,718715
0,54	0,609233	23283,063163
0,56	0,505751	19327,970725
0,58	0,864056	33021,46602
0,6	0,63016	24082,053157
0,62	0,488957	18685,086008
0,64	0,716455	27380,738216
0,66	0,406794	15546,088725
0,68	0,678093	25914,019419
0,7	0,682402	26078,285188
0,72	0,250574	9576,196153
0,74	1,294841	49482,841079
0,76	1,333896	50976,001023
0,78	0,657426	25124,55239
0,8	0,73433	28063,366838
0,82	0,506576	19359,548694
0,84	0,513956	19641,239892
0,86	0,705897	26975,855098
0,88	0,58187	22236,472286
0,9	0,579707	22154,000239
0,92	0,528393	20193,114376
0,94	0,613346	23439,684788
0,96	0,578266	22098,749581
0,98	0,248592	9500,226715
1	0,881785	33698,510767
1,02	0,589006	22509,487299
1,04	0,554642	21196,281733
1,06	0,549347	20993,520625
1,08	0,135343	5172,315854
1,1	0,81834	31273,900788
1,12	0,630822	24107,399972
1,14	0,150511	5752,001141
1,16	1,263451	48284,003037
1,18	1,509418	57686,182497
1,2	0,668785	25558,052323
1,22	0,481191	18388,832017
1,24	0,665024	25414,297344
1,26	0,662499	25318,117947
1,28	0,582592	22263,818574
1,3	0,74395	28430,733656
1,32	0,227515	8694,882405
1,34	0,573179	21904,556318
1,36	0,871294	33297,464263
1,38	0,805466	30781,95804
1,4	0,640033	24459,433931
1,42	1,013706	38738,719942
1,44	0,825982	31565,104322
1,46	0,709426	27111,657565
1,48	0,7871	30079,469372
1,5	0,695151	26565,391452
1,52	0,83753	32007,183258
1,54	0,809108	30920,142894
1,56	0,702316	26840,095447
1,58	1,311813	50133,186973
1,6	1,668116	63749,627657
1,62	0,7041	26908,238185
1,64	0,703506	26885,54552
1,66	0,647825	24757,164935
1,68	0,907493	34680,629908
1,7	0,64393	24608,971428
1,72	0,400585	15308,530519
1,74	0,506578	19359,522527
1,76	0,255231	9753,902445
1,78	0,473302	18087,623052
1,8	0,286121	10934,484626
1,82	0,353078	13493,343964
1,84	0,499252	19079,458954
1,86	0,115331	4407,413577
1,88	0,226015	8637,46061
1,9	0,658816	25177,576106
1,92	0,57911	22131,751507
1,94	0,703032	26866,834133
1,96	0,580552	22186,855006
1,98	0,818945	31297,061305
2	0,476105	18194,898362
2,02	0,661346	25274,473254
2,04	0,891798	34079,698588
2,06	0,866082	33098,691951
2,08	0,729871	27892,74926
2,1	0,91034	34789,330026
2,12	0,693445	26500,851718
2,14	0,977665	37361,825955
2,16	1,077353	41171,526533
2,18	1,115467	42629,144673
2,2	1,154533	44120,879621
2,22	1,121079	42843,37034
2,24	1,201383	45911,288756
2,26	1,217616	46532,435918
2,28	1,329882	50822,097677
2,3	1,297729	49594,074893
2,32	1,318781	50400,918927
2,34	1,278578	48862,343436
2,36	1,27597	48762,053824
2,38	1,459356	55771,893237
2,4	1,380152	52744,53382
2,42	1,270704	48561,543518
2,44	1,447869	55331,879969
2,46	1,436597	54899,125425
2,48	1,576975	60265,073824
2,5	1,670151	63828,313094
2,52	1,60326	61270,00882
2,54	1,736456	66360,241308
2,56	1,67694	64085,164522
2,58	1,63347	62425,414069
2,6	1,710473	65368,88135
2,62	1,749155	66846,438528
2,64	1,880707	71872,722764
2,66	1,854729	70880,642668
2,68	1,943704	74278,515336
2,7	1,949682	74509,069663
2,72	1,967158	75178,631537
2,74	1,995245	76250,763411
2,76	2,046334	78203,913379
2,78	2,106552	80504,225816
2,8	2,099588	80238,465208
2,82	2,081996	79565,887612
2,84	2,140814	81813,154116
2,86	2,216411	84702,894454
2,88	2,223921	84991,208059
2,9	2,217379	84738,412124
2,92	2,213043	84572,420593
2,94	2,309327	88254,703371
2,96	2,384203	91113,088429
2,98	2,400386	91735,638289
3	2,479745	94766,683322
3,02	2,466014	94244,09836
3,04	2,524004	96459,488565
3,06	2,607103	99635,714693
3,08	2,597466	99267,292356
3,1	2,694662	102980,168664
3,12	2,679735	102409,199066
3,14	2,701065	103231,074427
3,16	2,728829	104289,364179
3,18	2,745937	104942,998304
3,2	2,863789	109449,599569
3,22	2,890234	110460,311744
3,24	2,893565	110587,244772
3,26	2,92534	111800,447521
3,28	2,962344	113209,871016
3,3	2,969741	113496,888872
3,32	3,0765	117576,851524
3,34	3,089374	118069,352479
3,36	3,133423	119754,088919
3,38	3,162658	120870,226088
3,4	3,202415	122392,266161
3,42	3,257289	124489,746874
3,44	3,251544	124268,099245
3,46	3,369022	128756,153522
3,48	3,358405	128353,505588
3,5	3,425722	130924,6945
3,52	3,459465	132215,200815
3,54	3,457898	132155,059205
3,56	3,528829	134867,840638
3,58	3,574531	136612,533813
3,6	3,675535	140473,811419
3,62	3,641355	139168,326923
3,64	3,6232	138472,728292
3,66	3,640285	139122,824523
3,68	3,689317	140997,859452
3,7	3,667839	140176,95788
3,72	3,637174	139004,451172
3,74	3,828294	146312,030424
3,76	3,803302	145357,635795
3,78	3,866617	147772,17377
3,8	3,948166	150893,789793
3,82	3,959363	151322,335704
3,84	4,033135	154140,460251
3,86	4,032285	154109,182102
3,88	4,12881	157797,098434
3,9	4,167962	159290,382318
3,92	4,197786	160427,800151
3,94	4,226588	161533,220351
3,96	4,246595	162293,469909
3,98	4,384133	167551,419858
4	4,42557	169137,280561
4,02	4,509777	172355,965398
4,04	4,567742	174569,508682
4,06	4,58399	175185,94726
4,08	4,677093	178742,904866
4,1	4,681142	178901,24182
4,12	4,650715	177736,255563
4,14	4,751546	181595,734121
4,16	4,803531	183582,00474
4,18	4,816777	184086,154548
4,2	4,890354	186902,037679
4,22	4,914774	187838,433931
4,24	4,996272	190952,709306
4,26	5,041429	192672,958959
4,28	5,073798	193907,122101
4,3	5,164805	197387,965685
4,32	5,167456	197485,654852
4,34	5,271524	201470,883765
4,36	5,258987	200991,291144
4,38	5,33778	204004,29488
4,4	5,409221	206733,283866
4,42	5,399539	206359,452702
4,44	5,540061	211731,722527
4,46	5,560622	212526,466872
4,48	5,59362	213782,152012
4,5	5,657899	216238,674767
4,52	5,625623	215007,693954
4,54	5,679654	217070,095534
4,56	5,776629	220785,784022
4,58	5,802395	221766,938706
4,6	5,841978	223278,513307
4,62	5,908325	225812,304849
4,64	5,928813	226599,188073
4,66	6,056763	231488,248524
4,68	6,067436	231888,947489
4,7	6,13621	234518,067977
4,72	6,194642	236756,118169
4,74	6,195532	236801,306145
4,76	6,283087	240140,411359
4,78	6,327061	241820,062504
4,8	6,440927	246176,047367
4,82	6,471835	247359,710259
4,84	6,533719	249718,573414
4,86	6,596984	252130,515466
4,88	6,605469	252454,850837
4,9	6,746027	257835,570572
4,92	6,715437	256672,078933
4,94	6,743704	257744,891792
4,96	6,76489	258553,468436
4,98	6,890677	263359,105111
5	6,894127	263498,524679
5,02	7,005211	267737,821451
5,04	7,02297	268423,663931
5,06	7,097894	271278,620504
5,08	7,161008	273692,865232
5,1	7,157935	273574,133547
5,12	7,337562	280441,550286
5,14	7,322963	279876,846968
5,16	7,388797	282404,86632
5,18	7,455461	284957,216149
5,2	7,501477	286698,708066
5,22	7,642805	292103,509235
5,24	7,629128	291576,996786
5,26	7,736761	295702,914814
5,28	7,753373	296332,160194
5,3	7,796782	297993,168
5,32	7,910642	302338,128242
5,34	7,894134	301704,295911
5,36	7,890015	301561,72559
5,38	7,992918	305488,707379
5,4	8,055204	307870,516541
5,42	8,073357	308557,616377
5,44	8,200439	313424,780837
5,46	8,19103	313066,588109
5,48	8,348195	319072,907773
5,5	8,373527	320036,186773
5,52	8,447719	322869,642136
5,54	8,531804	326090,017257
5,56	8,543225	326517,133552
5,58	8,694017	332283,42683
5,6	8,696754	332393,884098
5,62	8,801559	336395,139737
5,64	8,862795	338744,427611
5,66	8,895574	339988,188113
5,68	9,058816	346230,91278
5,7	9,040288	345514,881204
5,72	9,212052	352093,407244
5,74	9,240452	353173,97643
5,76	9,238035	353080,068542
5,78	9,242774	353256,496948
5,8	9,443182	360918,241469
5,82	9,444112	360969,415173
5,84	9,535282	364428,774519
5,86	9,624612	367847,659307
5,88	9,648385	368763,875941
5,9	9,844035	376232,600182
5,92	9,847036	376353,09611
5,94	9,988348	381749,97781
5,96	10,037957	383657,548455
5,98	10,127887	387082,075149
6	10,267279	392408,669696
6,02	10,262904	392254,503358
6,04	10,46078	399810,389708
6,06	10,481681	400612,6025
6,08	10,599346	405098,256887
6,1	10,700162	408952,828814
6,12	10,715768	409565,951446
6,14	10,957137	418777,313234
6,16	10,941022	418175,11005
6,18	10,932311	417837,444983
6,2	11,008625	420745,719545
6,22	11,17067	426952,688485
6,24	11,163719	426690,759939
6,26	11,360395	434221,166115
6,28	11,395237	435549,869423
6,3	11,505762	439781,392931
6,32	11,632825	444646,661881
6,34	11,648116	445220,898296
6,36	11,878975	454054,9776
6,38	11,886322	454334,009827
6,4	12,044698	460402,268959
6,42	12,130777	463685,536347
6,44	12,191311	465990,724563
6,46	12,388076	473514,851767
6,48	12,378501	473144,237634
6,5	12,586375	481097,844659
6,52	12,635002	482958,251424
6,54	12,738022	486903,90838
6,56	12,877732	492238,039008
6,58	12,890204	492708,170648
6,6	12,8789	492296,100587
6,62	13,033035	498178,49542
6,64	13,129727	501890,876367
6,66	13,166753	503287,84453
6,68	13,395346	512022,558684
6,7	13,404598	512371,384692
6,72	13,586674	519334,74312
6,74	13,639869	521377,890481
6,76	13,731882	524891,586796
6,78	13,895391	531154,078729
6,8	13,909049	531659,672071
6,82	14,120113	539730,768167
6,84	14,135142	540298,260449
6,86	14,264934	545256,770267
6,88	14,393599	550161,112398
6,9	14,406747	550692,799998
6,92	14,615419	558642,413123
6,94	14,62675	559096,800846
6,96	14,765675	564394,070208
6,98	14,844617	567429,414945
7	14,835473	567072,68961
7,02	14,839108	567211,576181
7,04	15,052142	575338,748685
7,06	15,070134	576050,465458
7,08	15,177713	580156,50552
7,1	15,298324	584751,940074
7,12	15,29868	584791,249825
7,14	15,510974	592884,444172
7,16	15,506522	592725,705644
7,18	15,647481	598106,839751
7,2	15,740347	601658,19684
7,22	15,787603	603462,484096
7,24	15,959554	610029,959193
7,26	15,951424	609725,92485
7,28	16,124579	616365,672702
7,3	16,16036	617710,582339
7,32	16,241233	620794,735445
7,34	16,373713	625860,44123
7,36	16,367149	625624,721452
7,38	16,577376	633651,209681
7,4	16,576974	633646,168161
7,42	16,571154	633423,387803
7,44	16,606861	634793,877538
7,46	16,761905	640708,337869
7,48	16,762873	640739,718993
7,5	16,925951	646980,261609
7,52	16,969807	648660,534407
7,54	17,045798	651556,206476
7,56	17,16512	656115,325174
7,58	17,16911	656290,960513
7,6	17,352436	663297,055653
7,62	17,360726	663610,725666
7,64	17,46638	667632,483742
7,66	17,562955	671321,292048
7,68	17,590204	672351,799271
7,7	17,744841	678268,998185
7,72	17,747016	678366,931688
7,74	17,871243	683131,6184
7,76	17,932918	685470,293754
7,78	17,986088	687507,255055
7,8	18,11482	692423,145116
7,82	18,108902	692207,066148
7,84	18,109933	692240,116075
7,86	18,202593	695770,942507
7,88	18,289193	699114,260833
7,9	18,299546	699501,699679
7,92	18,470822	706037,758379
7,94	18,472267	706138,52383
7,96	18,600347	711020,392432
7,98	18,64853	712848,790151
8	18,69862	714775,381495
8,02	18,816436	719268,890116
8,04	18,822072	719474,152321
8,06	18,962469	724844,446047
8,08	18,978576	725473,004021
8,1	19,052411	728287,190978
8,12	19,141119	731697,0807
8,14	19,142958	731749,071095
8,16	19,294099	737544,415553
8,18	19,296667	737644,422813
8,2	19,40052	741600,400863
8,22	19,460107	743872,805351
8,24	19,452334	743580,545149
8,26	19,454551	743668,843684
8,28	19,580897	748501,866094
8,3	19,59857	749160,628258
8,32	19,672942	752008,416235
8,34	19,748376	754913,705874
8,36	19,755822	755192,215811
8,38	19,906166	760928,372523
8,4	19,906035	760933,557048
8,42	19,991274	764178,879746
8,44	20,039142	766016,796632
8,46	20,074022	767346,595371
8,48	20,182654	771496,946636
8,5	20,18273	771516,119303
8,52	20,296224	775845,776472
8,54	20,319256	776710,277432
8,56	20,373119	778793,25046
8,58	20,444557	781525,84116
8,6	20,443541	781493,869945
8,62	20,583384	786814,428531
8,64	20,583314	786831,435315
8,66	20,579504	786674,584356
8,68	20,612598	787944,544284
8,7	20,708471	791607,669306
8,72	20,71115	791717,504084
8,74	20,813174	795598,107357
8,76	20,832976	796341,340544
8,78	20,888053	798473,833599
8,8	20,966043	801464,300856
8,82	20,961642	801293,439302
8,84	21,097715	806477,508852
8,86	21,0992	806541,309359
8,88	21,167486	809135,383498
8,9	21,214456	810934,896974
8,92	21,239158	811872,679988
8,94	21,339377	815719,835107
8,96	21,339406	815736,557115
8,98	21,428114	819119,697988
9	21,450884	819994,625847
9,02	21,493984	821647,473994
9,04	21,579795	824916,246394
9,06	21,574345	824710,615453
9,08	21,568372	824464,352693
9,1	21,64113	827245,490099
9,12	21,676934	828614,7088
9,14	21,699158	829482,11941
9,16	21,794303	833123,925802
9,18	21,798095	833261,253683
9,2	21,893945	836929,477828
9,22	21,918873	837856,948633
9,24	21,960657	839477,252987
9,26	22,029045	842103,662444
9,28	22,028435	842067,097589
9,3	22,138192	846300,003622
9,32	22,139179	846296,246949
9,34	22,20564	848872,39297
9,36	22,258559	850916,206686
9,38	22,26956	851314,538371
9,4	22,353522	854521,382833
9,42	22,352636	854507,792023
9,44	22,440257	857872,974913
9,46	22,468158	858956,946459
9,48	22,472993	859110,013445
9,5	22,468978	858993,6809
9,52	22,557971	862366,900704
9,54	22,564664	862624,576122
9,56	22,618564	864710,339424
9,58	22,670178	866690,168978
9,6	22,681388	867106,460406
9,62	22,781818	870964,171447
9,64	22,777856	870805,117617
9,66	22,860253	873950,365814
9,68	22,882923	874811,901212
9,7	22,92075	876268,668876
9,72	22,994509	879098,959317
9,74	22,987311	878821,68046
9,76	23,093689	882871,029762
9,78	23,102272	883208,313918
9,8	23,150623	885054,79003
9,82	23,195777	886781,044252
9,84	23,198328	886894,905806
9,86	23,304861	890948,891797
9,88	23,308587	891087,308718
9,9	23,304968	890930,801916
9,92	23,341643	892347,760079
9,94	23,399683	894572,980202
9,96	23,397536	894487,975009
9,98	23,496945	898288,557296
10	23,50147	898454,779192
10,02	23,559632	900696,059443
10,04	23,603923	902380,495682
10,06	23,614154	902775,778797
10,08	23,705164	906233,434324
10,1	23,706519	906314,455286
10,12	23,770568	908735,631004
10,14	23,791099	909533,609077
10,16	23,826932	910910,123528
10,18	23,898013	913645,081239
10,2	23,908509	914038,719355
10,22	23,982154	916843,860582
10,24	23,985163	916960,247739
10,26	24,035694	918885,475112
10,28	24,083777	920702,816402
10,3	24,087363	920875,015451
10,32	24,084349	920726,763979
10,34	24,146465	923114,131719
10,36	24,168868	923969,455788
10,38	24,187949	924699,926651
10,4	24,248384	926997,689609
10,42	24,247729	927002,118699
10,44	24,345509	930737,010493
10,46	24,352301	930992,864538
10,48	24,388429	932383,17652
10,5	24,438517	934277,602235
10,52	24,438816	934301,66412
10,54	24,524743	937609,66067
10,56	24,51929	937360,985674
10,58	24,583143	939842,750983
10,6	24,615367	941035,67957
10,62	24,637829	941919,680484
10,64	24,697967	944224,710297
10,66	24,69702	944192,462646
10,68	24,770009	946955,831069
10,7	24,782377	947420,412786
10,72	24,782341	947423,150776
10,74	24,787091	947623,910609
10,76	24,865684	950639,15266
10,78	24,86681	950659,397444
10,8	24,919582	952723,713736
10,82	24,941501	953542,192728
10,84	24,969509	954588,619695
10,86	25,050944	957729,519182
10,88	25,052215	957760,225115
10,9	25,108718	959941,67356
10,92	25,115871	960207,422804
10,94	25,160498	961915,818593
10,96	25,207103	963698,779406
10,98	25,21271	963915,805517
11	25,293381	966998,74289
11,02	25,294812	967067,453208
11,04	25,337011	968705,448583
11,06	25,36792	969876,129083
11,08	25,381118	970376,364637
11,1	25,449672	972993,727661
11,12	25,452497	973142,304596
11,14	25,447272	972902,132979
11,16	25,473931	973950,956757
11,18	25,517447	975580,661964
11,2	25,52192	975755,355646
11,22	25,587827	978285,016213
11,24	25,595047	978563,754367
11,26	25,638561	980234,399223
11,28	25,681613	981850,800772
11,3	25,693453	982311,271781
11,32	25,749471	984468,018134
11,34	25,750908	984525,284807
11,36	25,824271	987321,885943
11,38	25,839371	987923,503479
11,4	25,866838	988944,615885
11,42	25,906975	990472,893214
11,44	25,905561	990452,741385
11,46	25,988371	993584,347259
11,48	25,985726	993481,803055
11,5	26,030299	995165,757474
11,52	26,062098	996410,708004
11,54	26,057992	996251,904061
11,56	26,064454	996505,545937
11,58	26,114866	998422,887712
11,6	26,117249	998514,996056
11,62	26,156038	1000020,338108
11,64	26,198912	1001658,581707
11,66	26,199859	1001701,939568
11,68	26,275053	1004549,940949
11,7	26,27387	1004503,199782
11,72	26,319444	1006247,360242
11,74	26,353985	1007551,981316
11,76	26,367398	1008101,062193
11,78	26,427632	1010386,889338
11,8	26,427299	1010388,19527
11,82	26,482883	1012478,692797
11,84	26,498171	1013073,237071
11,86	26,528749	1014249,514944
11,88	26,566654	1015720,722412
11,9	26,568979	1015789,376438
11,92	26,637039	1018382,088985
11,94	26,637613	1018432,155318
11,96	26,6334	1018252,171529
11,98	26,654112	1019066,527365
12	26,705843	1021016,537506
12,02	26,705771	1021026,335477
12,04	26,763676	1023273,450028
12,06	26,775434	1023697,853294
12,08	26,81289	1025106,136174
12,1	26,857695	1026842,559458
12,12	26,861408	1026962,794491
12,14	26,913495	1028978,345821
12,16	26,919365	1029208,131328
12,18	26,97086	1031156,155473
12,2	27,003946	1032433,970054
12,22	27,013971	1032800,833334
12,24	27,057952	1034492,62831
12,26	27,052259	1034273,727484
12,28	27,119791	1036833,272426
12,3	27,128956	1037188,269821
12,32	27,153874	1038141,362755
12,34	27,198692	1039851,352003
12,36	27,193085	1039674,979963
12,38	27,198275	1039878,115566
12,4	27,232183	1041167,675325
12,42	27,258402	1042150,571846
12,44	27,267023	1042483,368989
12,46	27,303647	1043914,686145
12,48	27,302687	1043827,190204
12,5	27,368461	1046412,213603
12,52	27,388518	1047160,847748
12,54	27,407065	1047853,651274
12,56	27,44626	1049377,566613
12,58	27,446152	1049370,820126
12,6	27,508031	1051744,510069
12,62	27,512906	1051903,166161
12,64	27,552573	1053436,936363
12,66	27,580667	1054473,075227
12,68	27,584921	1054629,629833
12,7	27,635357	1056571,605513
12,72	27,633181	1056478,52018
12,74	27,684255	1058450,123164
12,76	27,701546	1059106,776914
12,78	27,701573	1059101,775289
12,8	27,705147	1059208,214761
12,82	27,75166	1061004,666737
12,84	27,753965	1061107,797467
12,86	27,790725	1062493,48238
12,88	27,820427	1063647,210439
12,9	27,823276	1063735,144869
12,92	27,883321	1066052,451479
12,94	27,878651	1065877,101977
12,96	27,918384	1067383,066639
12,98	27,930748	1067876,688191
13	27,959173	1068941,378747
13,02	28,011364	1070943,385665
13,04	28,012469	1070981,161767
13,06	28,059384	1072751,304448
13,08	28,069276	1073142,332153
13,1	28,095352	1074173,058279
13,12	28,126226	1075307,837252
13,14	28,135602	1075687,998498
13,16	28,185564	1077605,903678
13,18	28,183785	1077543,125816
13,2	28,185652	1077614,575069
13,22	28,199496	1078143,792689
13,24	28,246496	1079942,822602
13,26	28,24429	1079818,462868
13,28	28,306266	1082201,202448
13,3	28,308504	1082307,1257
13,32	28,340237	1083496,810653
13,34	28,373842	1084795,897493
13,36	28,378446	1084981,750206
13,38	28,423534	1086733,644936
13,4	28,423725	1086716,680283
13,42	28,467824	1088389,58929
13,44	28,486872	1089130,674504
13,46	28,499154	1089600,646807
13,48	28,53477	1090925,462461
13,5	28,532844	1090850,549633
13,52	28,593735	1093204,997758
13,54	28,594792	1093237,365871
13,56	28,617585	1094137,708955
13,58	28,641072	1095019,955162
13,6	28,638404	1094913,542586
13,62	28,637046	1094864,270696
13,64	28,683189	1096630,185493
13,66	28,696806	1097154,269463
13,68	28,717216	1097888,063393
13,7	28,751382	1099235,913754
13,72	28,753525	1099299,455513
13,74	28,792715	1100809,251121
13,76	28,802834	1101192,35986
13,78	28,825541	1102080,307192
13,8	28,854442	1103144,476773
13,82	28,854767	1103170,187351
13,84	28,909365	1105266,26116
13,86	28,906018	1105143,869093
13,88	28,930592	1106104,091052
13,9	28,955832	1107060,290974
13,92	28,969229	1107561,764914
13,94	29,009915	1109103,086175
13,96	29,006709	1109022,621502
13,98	29,052115	1110725,874283
14	29,050579	1110663,594053
14,02	29,049861	1110643,693119
14,04	29,056142	1110885,771191
14,06	29,108411	1112875,742707
14,08	29,110651	1112957,10612
14,1	29,146548	1114364,685748
14,12	29,168927	1115202,011144
14,14	29,183107	1115721,264777
14,16	29,214255	1116924,286383
14,18	29,218451	1117064,147386
14,2	29,246414	1118127,97598
14,22	29,255836	1118514,670703
14,24	29,254678	1118447,734889
14,26	29,253527	1118428,633811
14,28	29,257415	1118577,939229
14,3	29,259112	1118600,034311
14,32	29,250829	1118318,64613
14,34	29,255121	1118492,453209
14,36	29,25292	1118423,547075
14,38	29,254421	1118490,959827
14,4	29,255716	1118479,27578
14,42	29,255565	1118513,558956
14,44	29,252169	1118379,31254
14,46	29,248532	1118253,385696
14,48	29,253508	1118409,659438
14,5	29,25476	1118475,498667
14,52	29,252039	1118372,745995
14,54	29,251061	1118334,898157
14,56	29,255037	1118489,143895
14,58	29,255224	1118500,420541
14,6	29,256412	1118535,571941
14,62	29,254659	1118470,024762
14,64	29,253683	1118440,568769
14,66	29,254388	1118478,176272
14,68	29,25294	1118400,38141
14,7	29,256006	1118529,677464
14,72	29,249502	1118292,243272
14,74	29,254002	1118448,273424
14,76	29,253711	1118430,713148
14,78	29,256447	1118496,953804
14,8	29,256843	1118546,025544
14,82	29,252443	1118371,095877
14,84	29,255698	1118488,058622
14,86	29,253315	1118409,461602
14,88	29,256103	1118521,775951
14,9	29,253507	1118397,060481
14,92	29,253557	1118409,481924
14,94	29,253315	1118441,463145
14,96	29,252716	1118396,597794
14,98	29,255389	1118508,789165
15	29,25108	1118332,819148
15,02	29,256585	1118526,091557
15,04	29,251843	1118359,948597
15,06	29,253623	1118433,39732
15,08	29,254827	1118462,327379
15,1	29,254867	1118458,978701
15,12	29,251875	1118392,13509
15,14	29,255184	1118491,979518
15,16	29,254429	1118458,793978
15,18	29,254451	1118445,701599
15,2	29,254513	1118494,104704
15,22	29,253062	1118390,269534
15,24	29,254694	1118502,144522
15,26	29,25672	1118556,979729
15,28	29,254667	1118456,3863
15,3	29,254321	1118480,40006
15,32	29,252688	1118395,505565
15,34	29,255719	1118484,262593
15,36	29,253302	1118385,303074
15,38	29,257358	1118575,755121
15,4	29,253102	1118435,765198
15,42	29,25228	1118392,168871
15,44	29,248732	1118246,715142
15,46	29,250893	1118342,595479
15,48	29,252672	1118389,93947
15,5	29,254365	1118476,952526
15,52	29,254348	1118467,208675
15,54	29,254833	1118434,40625
15,56	29,254367	1118447,444927
15,58	29,252393	1118388,149169
15,6	29,2561	1118519,3154
15,62	29,252618	1118406,216531
15,64	29,254248	1118459,175399
15,66	29,256305	1118532,756211
15,68	29,253751	1118445,049318
15,7	29,253622	1118391,291045
15,72	29,256825	1118564,071771
15,74	29,254549	1118464,715314
15,76	29,255319	1118500,973172
15,78	29,256268	1118514,986398
15,8	29,256838	1118552,018988
15,82	29,251975	1118363,113684
15,84	29,257035	1118518,466695
15,86	29,249424	1118252,588267
15,88	29,254514	1118421,64897
15,9	29,256917	1118505,743381
15,92	29,251556	1118300,214867
15,94	29,252364	1118331,47617
15,96	29,257003	1118537,650479
15,98	29,255716	1118459,065595
16	29,252822	1118343,866615
16,02	29,255935	1118433,475091
16,04	29,259377	1118592,856723
16,06	29,251673	1118313,781574
16,08	29,257709	1118519,644631
16,1	29,25469	1118366,631737
16,12	29,258518	1118555,076899
16,14	29,25583	1118459,223707
16,16	29,255111	1118439,597619
16,18	29,258429	1118545,130184
16,2	29,2545	1118388,261427
16,22	29,258012	1118543,676302
16,24	29,256111	1118444,139498
16,26	29,253763	1118360,574809
16,28	29,258293	1118542,906624
16,3	29,253368	1118367,079538
16,32	29,253824	1118361,851375
16,34	29,255336	1118439,979727
16,36	29,254781	1118396,75566
16,38	29,262476	1118699,543896
16,4	29,2564	1118486,151426
16,42	29,258133	1118540,334388
16,44	29,255216	1118417,216961
16,46	29,254243	1118375,905489
16,48	29,2603	1118617,498279
16,5	29,256079	1118443,955208
16,52	29,260381	1118640,239753
16,54	29,254646	1118399,551105
16,56	29,257241	1118498,191444
16,58	29,255817	1118479,696937
16,6	29,251213	1118273,63346
16,62	29,252429	1118303,180603
16,64	29,25729	1118531,696579
16,66	29,255971	1118484,085199
16,68	29,258449	1118559,892423
16,7	29,255509	1118421,237505
16,72	29,253889	1118335,24094
16,74	29,261107	1118646,257272
16,76	29,253762	1118379,133679
16,78	29,253613	1118342,646958
16,8	29,252846	1118352,63649
16,82	29,252432	1118299,746478
16,84	29,255665	1118455,065598
16,86	29,255911	1118436,49459
16,88	29,253878	1118364,943647
16,9	29,25627	1118472,006987
16,92	29,259975	1118605,716849
16,94	29,254311	1118400,595947
16,96	29,257092	1118524,019172
16,98	29,255962	1118455,65174
17	29,257196	1118523,532363
17,02	29,252221	1118302,435912
17,04	29,255384	1118455,834778
17,06	29,255257	1118422,256375
17,08	29,255422	1118411,257441
17,1	29,252649	1118317,135643
17,12	29,259929	1118601,618563
17,14	29,25803	1118541,630357
17,16	29,254663	1118404,241822
17,18	29,253267	1118358,237039
17,2	29,255009	1118395,388215
17,22	29,258091	1118520,980393
17,24	29,25377	1118346,970009
17,26	29,255778	1118430,836581
17,28	29,252509	1118288,872286
17,3	29,255957	1118429,64644
17,32	29,256049	1118412,582184
17,34	29,255636	1118409,343905
17,36	29,257918	1118480,779656
17,38	29,257901	1118493,771805
17,4	29,257907	1118472,589687
17,42	29,256664	1118414,137325
17,44	29,251855	1118250,210885
17,46	29,258875	1118542,623971
17,48	29,247186	1118065,646037
17,5	29,25861	1118497,595306
17,52	29,25809	1118451,125783
17,54	29,257368	1118479,561352
17,56	29,25525	1118391,231589
17,58	29,256563	1118420,452051
17,6	29,25742	1118448,163099
17,62	29,258437	1118496,12797
17,64	29,257849	1118482,226708
17,66	29,25575	1118393,503457
17,68	29,25824	1118463,999656
17,7	29,25593	1118371,263107
17,72	29,254883	1118314,624282
17,74	29,254506	1118369,60434
17,76	29,251912	1118243,132707
17,78	29,257936	1118461,89361
17,8	29,252307	1118231,577661
17,82	29,253204	1118292,153354
17,84	29,255134	1118352,372134
17,86	29,259974	1118546,808695
17,88	29,256309	1118402,978922
17,9	29,258218	1118488,878243
17,92	29,25758	1118452,419784
17,94	29,256466	1118405,617555
17,96	29,258498	1118511,718564
17,98	29,252954	1118299,032822
18	29,255425	1118374,141603
18,02	29,258204	1118468,966014
18,04	29,255593	1118360,551733
18,06	29,257711	1118501,928704
18,08	29,257494	1118429,777382
18,1	29,259017	1118493,386347
18,12	29,258158	1118439,607938
18,14	29,25712	1118403,857861
18,16	29,256339	1118377,935767
18,18	29,259762	1118506,557527
18,2	29,26326	1118596,573671
18,22	29,25616	1118380,809417
18,24	29,256298	1118361,950695
18,26	29,259123	1118479,395285
18,28	29,258558	1118437,215435
18,3	29,254709	1118298,032742
18,32	29,258804	1118437,170604
18,34	29,258764	1118448,938158
18,36	29,25779	1118423,661157
18,38	29,257389	1118376,376721
18,4	29,260799	1118512,026774
18,42	29,261814	1118556,652156
18,44	29,264606	1118705,076347
18,46	29,260189	1118519,602602
18,48	29,256853	1118363,072634
18,5	29,257907	1118440,59355
18,52	29,260905	1118516,559115
18,54	29,254858	1118285,680299
18,56	29,259231	1118492,314748
18,58	29,254723	1118269,951022
18,6	29,25417	1118251,922005
18,62	29,2607	1118512,381653
18,64	29,256736	1118384,871401
18,66	29,256099	1118353,43078
18,68	29,259037	1118460,121714
18,7	29,260291	1118521,707769
18,72	29,256644	1118374,148606
18,74	29,255986	1118319,5598
18,76	29,252956	1118227,393405
18,78	29,260319	1118536,27127
18,8	29,257451	1118393,61776
18,82	29,254696	1118303,347811
18,84	29,258905	1118462,009023
18,86	29,258262	1118413,020598
18,88	29,259156	1118441,658414
18,9	29,256029	1118313,620302
18,92	29,259372	1118469,180779
18,94	29,253686	1118239,215004
18,96	29,254312	1118275,939962
18,98	29,254409	1118280,67049
19	29,259954	1118479,003739
19,02	29,25667	1118350,014191
19,04	29,256491	1118352,887478
19,06	29,257893	1118383,635372
19,08	29,257948	1118402,691595
19,1	29,259527	1118443,225824
19,12	29,258046	1118376,236506
19,14	29,25971	1118447,022065
19,16	29,263076	1118575,972916
19,18	29,258118	1118379,808681
19,2	29,258684	1118396,697332
19,22	29,259807	1118434,071415
19,24	29,258105	1118364,07491
19,26	29,259472	1118411,54146
19,28	29,258051	1118356,773389
19,3	29,259106	1118383,742633
19,32	29,261978	1118536,426643
19,34	29,260354	1118438,724922
19,36	29,259035	1118418,05706
19,38	29,258807	1118389,114239
19,4	29,258751	1118396,158415
19,42	29,263736	1118591,75984
19,44	29,261037	1118469,208255
19,46	29,257527	1118321,316054
19,48	29,257668	1118345,331913
19,5	29,257264	1118318,353788
19,52	29,256416	1118304,756769
19,54	29,25454	1118230,790831
19,56	29,2588	1118406,926273
19,58	29,258195	1118362,201002
19,6	29,263969	1118579,34918
19,62	29,256478	1118313,578064
19,64	29,257499	1118341,272142
19,66	29,260435	1118453,044385
19,68	29,258175	1118374,41542
19,7	29,259718	1118427,493393
19,72	29,26146	1118478,951456
19,74	29,253319	1118197,131291
19,76	29,256864	1118331,689851
19,78	29,257227	1118314,900239
19,8	29,255665	1118290,837988
19,82	29,265196	1118614,545909
19,84	29,262805	1118574,860773
19,86	29,258478	1118412,758727
19,88	29,259722	1118410,556524
19,9	29,256867	1118306,365817
19,92	29,258743	1118387,0616
19,94	29,257354	1118345,105753
19,96	29,260214	1118432,357169
19,98	29,257311	1118326,628803
20	29,259764	1118415,595087
20,02	29,258388	1118370,851944
20,04	29,260599	1118478,282973
20,06	29,255791	1118280,663279
20,08	29,253781	1118215,35085
20,1	29,262241	1118499,818308
20,12	29,260505	1118439,811102
20,14	29,260462	1118464,272241
20,16	29,261402	1118494,480264
20,18	29,264888	1118605,771534
20,2	29,254135	1118243,383367
20,22	29,25451	1118253,306687
20,24	29,261954	1118478,829105
20,26	29,255911	1118263,009936
20,28	29,255608	1118240,662524
20,3	29,260075	1118451,246785
20,32	29,261754	1118498,12569
20,34	29,257066	1118347,721452
20,36	29,258199	1118381,499704
20,38	29,260706	1118465,944158
20,4	29,260399	1118474,848588
20,42	29,25423	1118225,413376
20,44	29,260937	1118488,117843
20,46	29,256799	1118334,721678
20,48	29,259743	1118415,180574
20,5	29,259806	1118416,391236
20,52	29,258121	1118372,165481
20,54	29,257257	1118343,743405
20,56	29,25988	1118430,033281
20,58	29,2539	1118229,725018
20,6	29,25576	1118262,765005
20,62	29,256822	1118298,025015
20,64	29,255898	1118238,856969
20,66	29,25661	1118224,941203
20,68	29,257193	1118247,396329
20,7	29,25592	1118191,250263
20,72	29,259616	1118375,715731
20,74	29,262914	1118492,613327
20,76	29,259001	1118289,096261
20,78	29,259168	1118296,589256
20,8	29,260176	1118340,540226
20,82	29,262395	1118415,812247
20,84	29,260244	1118367,749673
20,86	29,262219	1118448,083174
20,88	29,256394	1118170,479848
20,9	29,258274	1118282,261091
20,92	29,259753	1118299,614699
20,94	29,258863	1118270,067713
20,96	29,259585	1118318,251593
20,98	29,25922	1118266,882385
21	29,262425	1118417,713159
21,02	29,258345	1118255,52645
21,04	29,260337	1118347,289714
21,06	29,262334	1118404,434122
21,08	29,259394	1118281,78744
21,1	29,261183	1118355,025928
21,12	29,258877	1118260,511772
21,14	29,262936	1118419,756275
21,16	29,264006	1118470,838171
21,18	29,26152	1118365,736114
21,2	29,258636	1118273,925623
21,22	29,261147	1118364,200062
21,24	29,258086	1118245,730173
21,26	29,261925	1118385,134538
21,28	29,256786	1118212,032488
21,3	29,255376	1118141,874266
21,32	29,259891	1118327,061288
21,34	29,257872	1118267,004228
21,36	29,257232	1118202,79781
21,38	29,260637	1118336,026751
21,4	29,25932	1118295,117762
21,42	29,261006	1118351,972532
21,44	29,26008	1118283,584693
21,46	29,261834	1118358,386726
21,48	29,263129	1118386,28412
21,5	29,255206	1118107,506563
21,52	29,260838	1118283,028776
21,54	29,258354	1118221,655975
21,56	29,258149	1118176,228225
21,58	29,263635	1118385,901402
21,6	29,260302	1118277,300341
21,62	29,2594	1118232,831114
21,64	29,263772	1118408,327638
21,66	29,262639	1118374,553451
21,68	29,25968	1118257,352205
21,7	29,259154	1118200,04397
21,72	29,261365	1118323,46702
21,74	29,263175	1118395,432245
21,76	29,260865	1118279,103047
21,78	29,262081	1118346,525514
21,8	29,265662	1118461,776247
21,82	29,260748	1118323,624368
21,84	29,263802	1118406,019676
21,86	29,263213	1118391,27639
21,88	29,262461	1118365,607714
21,9	29,256455	1118105,219326
21,92	29,2632	1118394,06462
21,94	29,265772	1118455,299891
21,96	29,261534	1118334,293793
21,98	29,260273	1118283,784414
22	29,260108	1118274,575177
22,02	29,261374	1118332,562368
22,04	29,263778	1118415,772031
22,06	29,260569	1118288,61528
22,08	29,261346	1118314,601777
22,1	29,26168	1118345,58064
22,12	29,25969	1118230,184958
22,14	29,256811	1118158,470153
22,16	29,269551	1118634,604453
22,18	29,256154	1118144,293409
22,2	29,26044	1118276,124943
22,22	29,262997	1118390,695509
22,24	29,262861	1118369,952369
22,26	29,262497	1118369,902476
22,28	29,261038	1118272,995984
22,3	29,263576	1118381,22513
22,32	29,26146	1118292,033274
22,34	29,25929	1118214,053754
22,36	29,262152	1118308,850989
22,38	29,259106	1118182,510716
22,4	29,26286	1118297,562835
22,42	29,260587	1118248,657574
22,44	29,263952	1118359,127357
22,46	29,261203	1118263,686359
22,48	29,261871	1118264,162826
22,5	29,264541	1118375,554307
22,52	29,262479	1118269,254903
22,54	29,265635	1118419,407464
22,56	29,264064	1118377,028398
22,58	29,260722	1118243,339369
22,6	29,260093	1118226,047789
22,62	29,261703	1118265,96222
22,64	29,262521	1118316,378779
22,66	29,267541	1118483,467078
22,68	29,264016	1118356,129511
22,7	29,264472	1118398,043169
22,72	29,262292	1118305,117568
22,74	29,259322	1118200,769959
22,76	29,261536	1118269,412284
22,78	29,263897	1118389,73807
22,8	29,264154	1118395,356774
22,82	29,258039	1118142,298554
22,84	29,263514	1118354,72939
22,86	29,260392	1118228,28817
22,88	29,262859	1118318,638707
22,9	29,26229	1118279,898534
22,92	29,264374	1118359,645389
22,94	29,258937	1118154,006515
22,96	29,26637	1118456,377359
22,98	29,263476	1118350,46768
23	29,259837	1118196,825732
23,02	29,259331	1118199,731046
