TIME [s]	VITESSE [m/s]	NBR REYNOLDS
0,02	0,557785	21308,375652
0,04	0,766827	29294,270847
0,06	0,086321	3297,671551
0,08	0,744129	28427,03897
0,1	0,602484	23016,16135
0,12	0,730504	27907,11868
0,14	0,69651	26608,057953
0,16	0,424003	16198,009638
0,18	1,206183	46077,957372
0,2	1,13056	43190,080987
0,22	0,423009	16160,423407
0,24	0,80566	30777,940526
0,26	0,565246	21592,708872
0,28	0,286196	10932,939082
0,3	0,655029	25024,01831
0,32	0,679491	25957,663971
0,34	0,764095	29189,900364
0,36	0,488194	18650,452901
0,38	0,697712	26653,857942
0,4	0,678872	25934,191798
0,42	0,658856	25169,810714
0,44	0,77009	29419,088926
0,46	0,555535	21222,16463
0,48	0,58915	22506,500627
0,5	0,678257	25910,628181
0,52	0,539479	20609,547567
0,54	0,723616	27643,054617
0,56	0,633618	24205,399539
0,58	0,487343	18617,565477
0,6	0,906402	34626,782872
0,62	1,001877	38274,703377
0,64	0,667681	25507,163734
0,66	0,250333	9562,945089
0,68	0,613488	23436,735003
0,7	0,58272	22261,184238
0,72	0,517319	19762,714794
0,74	0,666443	25458,940646
0,76	0,405854	15504,917839
0,78	0,499207	19071,225572
0,8	0,49246	18813,382157
0,82	0,713719	27265,121775
0,84	0,591981	22614,77885
0,86	0,680722	26004,632722
0,88	0,720704	27532,751067
0,9	0,372539	14232,178043
0,92	0,651845	24901,405256
0,94	0,489916	18715,576833
0,96	0,683788	26121,724323
0,98	0,440451	16826,551577
1	0,614847	23488,840643
1,02	0,959746	36664,687033
1,04	0,856969	32738,751944
1,06	0,636258	24305,957794
1,08	0,495854	18942,569129
1,1	0,670822	25626,222045
1,12	0,400673	15306,699792
1,14	0,550233	21019,981965
1,16	0,523744	20008,369728
1,18	0,449858	17185,27951
1,2	0,652486	24925,924499
1,22	0,570388	21790,010783
1,24	0,571122	21817,966852
1,26	0,528519	20190,500243
1,28	0,817006	31211,129094
1,3	0,555531	21222,252477
1,32	0,764084	29190,12061
1,34	0,744699	28448,328228
1,36	0,495013	18910,235749
1,38	0,77009	29419,09238
1,4	0,869574	33219,856155
1,42	0,699501	26722,625925
1,44	0,704373	26909,082274
1,46	0,990129	37825,283585
1,48	0,793104	30298,14199
1,5	0,6764	25839,943766
1,52	0,891874	34073,009165
1,54	0,809295	30916,278271
1,56	0,842226	32173,961835
1,58	0,744138	28426,859544
1,6	0,607332	23200,915118
1,62	0,750846	28683,518206
1,64	0,953107	36410,922567
1,66	0,629636	24053,790697
1,68	0,701294	26791,030158
1,7	0,559283	21365,582409
1,72	0,620272	23695,697947
1,74	0,390094	14902,55726
1,76	0,10858	4147,91613
1,78	0,418227	15977,402265
1,8	0,279069	10660,770264
1,82	0,371634	14196,983465
1,84	0,484923	18525,032197
1,86	1,016068	38815,69623
1,88	0,258852	9888,427445
1,9	0,479718	18326,283927
1,92	0,077031	2942,650481
1,94	0,428118	16354,880268
1,96	0,641608	24510,856593
1,98	0,48836	18656,392458
2	0,606078	23153,181011
2,02	0,897608	34289,845148
2,04	0,561664	21456,342701
2,06	0,699614	26726,815865
2,08	0,778836	29752,94761
2,1	0,814004	31097,6071
2,12	0,776688	29670,704805
2,14	0,819152	31292,757919
2,16	1,042489	39824,663828
2,18	0,881128	33661,395549
2,2	0,944379	36077,057061
2,22	1,064309	40659,373469
2,24	1,140961	43586,190305
2,26	1,188687	45411,377642
2,28	1,191157	45505,171016
2,3	1,119463	42766,860425
2,32	1,285392	49105,600341
2,34	1,192567	45558,668497
2,36	1,198171	45772,438297
2,38	1,241722	47435,779404
2,4	1,278218	48831,25031
2,42	1,34085	51222,30215
2,44	1,434863	54814,925975
2,46	1,410755	53894,045328
2,48	1,427851	54546,963199
2,5	1,498225	57232,904518
2,52	1,641551	62709,442083
2,54	1,590813	60771,835313
2,56	1,532421	58541,175305
2,58	1,662768	63522,890161
2,6	1,708938	65285,384715
2,62	1,702321	65032,3436
2,64	1,708974	65284,631483
2,66	1,744805	66654,457349
2,68	1,852464	70768,036276
2,7	1,842735	70396,034112
2,72	1,913975	73118,643094
2,74	1,876922	71701,948199
2,76	1,910902	73001,883369
2,78	1,9715	75313,918846
2,8	2,007439	76687,654893
2,82	2,021303	77220,127536
2,84	2,076644	79333,106163
2,86	2,081515	79516,68518
2,88	2,176384	83142,482018
2,9	2,16753	82803,96519
2,92	2,181572	83340,37579
2,94	2,211443	84483,048671
2,96	2,275053	86911,47494
2,98	2,332208	89097,279134
3	2,318938	88588,018755
3,02	2,352785	89880,853632
3,04	2,413168	92187,534092
3,06	2,410395	92081,475732
3,08	2,532269	96736,628173
3,1	2,561149	97841,484408
3,12	2,47783	94657,247778
3,14	2,56731	98079,058128
3,16	2,587168	98834,265963
3,18	2,59919	99297,961689
3,2	2,746205	104910,530887
3,22	2,72756	104198,239966
3,24	2,77046	105837,577903
3,26	2,752508	105156,422082
3,28	2,829023	108074,878259
3,3	2,918236	111483,774195
3,32	2,948924	112654,194361
3,34	3,00244	114700,933687
3,36	3,019152	115336,953397
3,38	3,072011	117357,254162
3,4	3,174223	121260,60126
3,42	3,156598	120590,2436
3,44	3,242678	123875,051102
3,46	3,247924	124077,700827
3,48	3,3155	126657,873715
3,5	3,343769	127737,587927
3,52	3,382163	129206,592604
3,54	3,358113	128286,192341
3,56	3,443077	131533,741044
3,58	3,457163	132070,524973
3,6	3,470907	132596,836288
3,62	3,524749	134651,928563
3,64	3,54837	135556,273099
3,66	3,686471	140829,641957
3,68	3,651484	139492,336635
3,7	3,704022	141499,786753
3,72	3,791724	144851,31189
3,74	3,806659	145424,108009
3,76	3,9085	149313,131326
3,78	3,872143	147925,171046
3,8	3,994419	152597,422168
3,82	4,014201	153350,779297
3,84	4,088092	156169,626087
3,86	4,122226	157473,597907
3,88	4,154617	158714,147193
3,9	4,24067	162003,961614
3,92	4,282953	163620,284317
3,94	4,259455	162722,329131
3,96	4,2577	162654,507789
3,98	4,38291	167436,24688
4	4,387533	167610,222409
4,02	4,460272	170387,271555
4,04	4,535488	173261,705559
4,06	4,538405	173375,106739
4,08	4,639904	177249,40852
4,1	4,616663	176367,755719
4,12	4,738419	181021,213371
4,14	4,743483	181212,598892
4,16	4,82364	184271,157712
4,18	4,888454	186749,909522
4,2	4,902616	187292,167734
4,22	4,964995	189671,206
4,24	4,946176	188952,071893
4,26	5,044721	192722,045474
4,28	5,101769	194896,869049
4,3	5,12879	195931,779631
4,32	5,198725	198601,676853
4,34	5,186295	198123,535956
4,36	5,185495	198097,340032
4,38	5,257039	200825,464008
4,4	5,333163	203735,109206
4,42	5,341821	204068,25941
4,44	5,439112	207781,272477
4,46	5,44894	208157,115173
4,48	5,556025	212249,321654
4,5	5,561435	212456,461136
4,52	5,635002	215272,932644
4,54	5,687424	217273,314407
4,56	5,691071	217410,019039
4,58	5,827979	222643,707484
4,6	5,826928	222602,047675
4,62	5,893175	225136,50451
4,64	5,958972	227645,065128
4,66	5,992176	228916,168833
4,68	6,074172	232041,677038
4,7	6,101803	233104,653711
4,72	6,181786	236154,422596
4,74	6,224997	237801,813883
4,76	6,24326	238510,571016
4,78	6,236089	238232,583052
4,8	6,346669	242455,982995
4,82	6,372002	243415,41196
4,84	6,407702	244785,529617
4,86	6,481247	247590,863208
4,88	6,474794	247347,919403
4,9	6,655731	254263,946276
4,92	6,662434	254521,067959
4,94	6,723294	256843,017429
4,96	6,734355	257269,472824
4,98	6,789925	259394,568689
5	6,911236	264032,958398
5,02	6,91339	264105,987275
5,04	7,042288	269032,537274
5,06	7,070226	270102,235818
5,08	7,121688	272074,940052
5,1	7,172199	274004,283619
5,12	7,172574	274023,988887
5,14	7,345517	280629,168538
5,16	7,375201	281761,956734
5,18	7,331528	280092,880013
5,2	7,377398	281843,405206
5,22	7,47755	285674,429914
5,24	7,480086	285766,88592
5,26	7,561226	288866,788837
5,28	7,567216	289094,557869
5,3	7,656384	292508,315393
5,32	7,752014	296156,905249
5,34	7,758897	296414,698952
5,36	7,897015	301697,674419
5,38	7,893083	301545,031133
5,4	7,99366	305396,293879
5,42	8,050737	307568,359162
5,44	8,100402	309465,982505
5,46	8,249667	315170,02995
5,48	8,235658	314638,056683
5,5	8,324002	318016,41385
5,52	8,331973	318312,917104
5,54	8,414106	321455,900297
5,56	8,532431	325970,188834
5,58	8,535958	326110,799517
5,6	8,526006	325730,574289
5,62	8,616208	329172,35435
5,64	8,663095	330956,456556
5,66	8,701604	332429,385295
5,68	8,835903	337561,313448
5,7	8,837289	337627,413314
5,72	8,982797	343178,655214
5,74	9,02105	344650,147077
5,76	9,084174	347058,263253
5,78	9,197615	351391,385286
5,8	9,197086	351367,510395
5,82	9,399609	359108,855379
5,84	9,402113	359198,541472
5,86	9,509971	363325,573931
5,88	9,604889	366946,70485
5,9	9,623937	367669,651272
5,92	9,791988	374093,413941
5,94	9,783967	373781,218845
5,96	9,948726	380074,274885
5,98	9,988925	381619,636569
6	9,994018	381810,089149
6,02	10,00089	382079,36954
6,04	10,187556	389200,820747
6,06	10,201205	389727,872696
6,08	10,319328	394243,694748
6,1	10,426966	398345,058739
6,12	10,456437	399485,734208
6,14	10,670435	407647,777065
6,16	10,673566	407774,58826
6,18	10,823273	413484,277564
6,2	10,894404	416209,189044
6,22	10,958043	418634,892106
6,24	11,130895	425233,326161
6,26	11,147478	425885,323819
6,28	11,344485	433422,181259
6,3	11,384233	434927,663323
6,32	11,477773	438489,42973
6,34	11,62201	444018,887318
6,36	11,63605	444541,758244
6,38	11,867223	453370,847607
6,4	11,867094	453375,588599
6,42	11,85932	453065,085894
6,44	11,926132	455620,164824
6,46	12,090613	461909,369957
6,48	12,094787	462075,578872
6,5	12,303236	470033,48835
6,52	12,346582	471688,854918
6,54	12,466719	476267,411603
6,56	12,612511	481845,173875
6,58	12,634922	482704,463284
6,6	12,861132	491341,328354
6,62	12,870598	491708,354523
6,64	13,021595	497486,862309
6,66	13,124918	501431,192325
6,68	13,168088	503071,225856
6,7	13,355278	510236,821054
6,72	13,367915	510709,076369
6,74	13,558118	517965,711007
6,76	13,616577	520206,1459
6,78	13,693615	523145,465951
6,8	13,853629	529268,46225
6,82	13,859565	529490,526882
6,84	13,855374	529330,154804
6,86	14,007447	535139,315056
6,88	14,105846	538905,520165
6,9	14,151257	540645,621348
6,92	14,362594	548697,310155
6,94	14,371468	549052,081533
6,96	14,526965	554979,198533
6,98	14,582939	557138,140344
7	14,659479	560050,970915
7,02	14,817151	566086,238724
7,04	14,823048	566298,298763
7,06	15,038897	574547,051725
7,08	15,056148	575211,595
7,1	15,163087	579285,250301
7,12	15,278531	583700,246712
7,14	15,300138	584538,845221
7,16	15,484635	591568,394731
7,18	15,483079	591532,183794
7,2	15,62847	597065,326521
7,22	15,706805	600068,379437
7,24	15,713522	600326,093124
7,26	15,714889	600365,198928
7,28	15,897089	607339,268218
7,3	15,916669	608086,256752
7,32	16,014761	611814,61477
7,34	16,131299	616267,754423
7,36	16,14646	616850,00445
7,38	16,340632	624296,844297
7,4	16,346429	624512,996335
7,42	16,483726	629758,928545
7,44	16,553885	632443,786796
7,46	16,610529	634609,619486
7,48	16,763391	640451,207362
7,5	16,759598	640297,483657
7,52	16,93239	646908,023127
7,54	16,961547	648018,404562
7,56	17,038729	650985,591443
7,58	17,150285	655227,881119
7,6	17,158454	655547,080677
7,62	17,344215	662662,114577
7,64	17,340624	662517,696234
7,66	17,350164	662875,550702
7,68	17,382486	664107,403633
7,7	17,524939	669547,205031
7,72	17,520991	669411,016367
7,74	17,68946	675835,281395
7,76	17,71994	676999,378629
7,78	17,792335	679776,949636
7,8	17,914876	684468,094788
7,82	17,916672	684514,780472
7,84	18,084768	690943,926912
7,86	18,08113	690803,96872
7,88	18,179344	694551,416331
7,9	18,261697	697725,01196
7,92	18,281187	698455,490993
7,94	18,431861	704202,279275
7,96	18,424471	703927,461722
7,98	18,555582	708950,55137
8	18,592411	710332,889545
8,02	18,651576	712602,072842
8,04	18,762161	716817,35889
8,06	18,770509	717149,967707
8,08	18,764236	716908,326255
8,1	18,848318	720110,376619
8,12	18,920157	722878,808079
8,14	18,940092	723636,104941
8,16	19,077454	728860,442024
8,18	19,079081	728958,477195
8,2	19,194015	733330,226193
8,22	19,242673	735212,351403
8,24	19,291932	737106,606908
8,26	19,385355	740678,411852
8,28	19,389753	740827,5206
8,3	19,531767	746246,582248
8,32	19,544119	746741,117933
8,34	19,622385	749736,456876
8,36	19,690988	752344,370735
8,38	19,715308	753278,804715
8,4	19,838998	758001,629835
8,42	19,842337	758153,528148
8,44	19,943362	762000,287149
8,46	19,98542	763640,731859
8,48	19,98361	763552,451797
8,5	19,989859	763790,393786
8,52	20,112519	768479,086481
8,54	20,121287	768827,834954
8,56	20,189048	771426,75159
8,58	20,258431	774080,810069
8,6	20,273516	774668,036503
8,62	20,403228	779590,625214
8,64	20,402682	779585,019422
8,66	20,488728	782878,713698
8,68	20,527827	784364,820032
8,7	20,569482	785978,115584
8,72	20,6679	789706,689583
8,74	20,666144	789650,073853
8,76	20,781388	794075,654651
8,78	20,792004	794462,679431
8,8	20,854602	796855,502798
8,82	20,919581	799318,721469
8,84	20,925064	799550,20726
8,86	21,045084	804136,105745
8,88	21,045127	804149,25549
8,9	21,045113	804130,82501
8,92	21,079112	805413,030308
8,94	21,167552	808816,288099
8,96	21,16138	808570,410236
8,98	21,272544	812828,137692
9	21,29303	813620,567112
9,02	21,349821	815787,445541
9,04	21,410395	818068,515204
9,06	21,426697	818707,539495
9,08	21,525043	822482,772762
9,1	21,529818	822655,126885
9,12	21,608464	825669,775629
9,14	21,65651	827497,050292
9,16	21,684112	828545,576229
9,18	21,767822	831751,848933
9,2	21,770718	831869,574763
9,22	21,869446	835638,895141
9,24	21,889638	836410,990542
9,26	21,937237	838230,449857
9,28	22,001829	840672,130311
9,3	21,999753	840597,527811
9,32	22,001521	840681,864716
9,34	22,061014	842978,064864
9,36	22,100465	844456,262506
9,38	22,133338	845726,089875
9,4	22,216376	848889,589259
9,42	22,214947	848823,796386
9,44	22,322021	852927,293273
9,46	22,334494	853409,389204
9,48	22,373726	854927,971815
9,5	22,436022	857285,437962
9,52	22,433108	857187,639281
9,54	22,551938	861705,414595
9,56	22,557374	861905,263215
9,58	22,613582	864062,976064
9,6	22,650246	865488,571095
9,62	22,67359	866358,690278
9,64	22,757732	869567,500157
9,66	22,752373	869357,969537
9,68	22,836487	872591,315362
9,7	22,862513	873557,606819
9,72	22,858445	873402,595201
9,74	22,859385	873458,57927
9,76	22,948883	876903,973299
9,78	22,948297	876877,465868
9,8	23,005589	879059,010616
9,82	23,044865	880599,664771
9,84	23,062451	881253,925643
9,86	23,161043	885036,801096
9,88	23,158283	884953,534416
9,9	23,226143	887511,612834
9,92	23,251279	888504,991046
9,94	23,284865	889809,54176
9,96	23,348577	892248,409932
9,98	23,35377	892464,75996
10	23,44767	896063,04169
10,02	23,44886	896077,274979
10,04	23,49642	897915,676099
10,06	23,536636	899431,562191
10,08	23,55373	900117,605236
10,1	23,626242	902895,59863
10,12	23,628491	902978,309547
10,14	23,625931	902900,997643
10,16	23,632691	903142,58383
10,18	23,635461	903250,948464
10,2	23,627522	902938,943374
10,22	23,669054	904550,907329
10,24	23,720414	906503,425428
10,26	23,723504	906603,529809
10,28	23,821425	910368,603022
10,3	23,818348	910249,264231
10,32	23,880335	912602,61854
10,34	23,914064	913901,989817
10,36	23,94269	914995,572568
10,38	24,021749	918036,323585
10,4	24,017076	917827,445223
10,42	24,0984	920940,822157
10,44	24,107035	921269,979039
10,46	24,154825	923099,016636
10,48	24,207887	925134,932113
10,5	24,205464	925031,43373
10,52	24,290249	928278,315158
10,54	24,294248	928427,731377
10,56	24,34727	930471,816621
10,58	24,387322	931981,824833
10,6	24,387548	931986,242455
10,62	24,387067	931970,931618
10,64	24,46576	935007,843881
10,66	24,482751	935618,255171
10,68	24,51832	936995,236068
10,7	24,567117	938881,569342
10,72	24,566874	938871,565752
10,74	24,650277	942053,632554
10,76	24,651764	942092,801759
10,78	24,71007	944318,986633
10,8	24,758674	946174,940908
10,82	24,767895	946548,055505
10,84	24,823527	948643,827847
10,86	24,823421	948657,934534
10,88	24,90287	951698,260809
10,9	24,92387	952494,487541
10,92	24,954794	953695,344538
10,94	24,997594	955318,252984
10,96	25,004162	955543,865239
10,98	25,076785	958352,987979
11	25,07768	958362,932322
11,02	25,078749	958418,416508
