TIME [s]	VITESSE [m/s]	NBR REYNOLDS
0,02	0,692854	26470,948602
0,04	0,694057	26517,105773
0,06	0,749692	28641,730851
0,08	0,482997	18453,628136
0,1	1,061878	40570,64571
0,12	1,413641	54008,759239
0,14	1,550984	59256,57462
0,16	0,409936	15662,017563
0,18	0,694068	26516,868284
0,2	0,378095	14445,369651
0,22	0,413996	15817,181597
0,24	0,622928	23799,265303
0,26	0,621576	23748,072689
0,28	0,402733	15386,708933
0,3	0,695855	26586,232049
0,32	0,358797	13708,156316
0,34	0,602457	23016,724951
0,36	0,234794	8970,474832
0,38	0,504187	19262,779443
0,4	0,691646	26424,768738
0,42	0,595464	22750,166383
0,44	0,746881	28535,313324
0,46	0,578355	22096,907444
0,48	0,79724	30460,391153
0,5	0,484731	18519,560868
0,52	0,411968	15739,850313
0,54	1,501141	57353,236749
0,56	1,123053	42908,19859
0,58	0,586263	22398,59494
0,6	0,627606	23978,225293
0,62	0,853988	32627,663796
0,64	0,666391	25460,002114
0,66	0,628943	24028,969194
0,68	0,731028	27929,974736
0,7	0,483867	18486,594782
0,72	0,561487	21451,857661
0,74	0,615495	23515,479756
0,76	0,594052	22696,539107
0,78	0,571813	21846,772771
0,8	0,539449	20610,161191
0,82	0,803016	30679,516135
0,84	0,57908	22124,462512
0,86	0,670764	25627,417667
0,88	0,390069	14903,073168
0,9	0,620226	23696,659505
0,92	0,645335	24656,30749
0,94	0,557754	21309,027567
0,96	0,906819	34645,309745
0,98	0,579801	22152,066295
1	0,579085	22124,368957
1,02	0,376979	14403,231631
1,04	0,850565	32496,183885
1,06	0,594048	22696,634418
1,08	0,781894	29873,211693
1,1	0,651163	24877,704803
1,12	0,478644	18287,558061
1,14	0,598968	22883,882751
1,16	0,280263	10707,808544
1,18	0,527694	20160,916915
1,2	0,610724	23332,969165
1,22	0,476032	18186,795451
1,24	0,691631	26425,094651
1,26	0,512412	19577,198729
1,28	0,428883	16385,856832
1,3	0,666402	25459,783814
1,32	0,717174	27400,209942
1,34	0,773302	29544,158708
1,36	0,62695	23952,542558
1,38	0,614938	23494,40289
1,4	0,727595	27798,37766
1,42	0,984983	37632,425674
1,44	0,538665	20580,704614
1,46	0,764588	29211,924624
1,48	0,796212	30419,827477
1,5	0,828135	31639,685938
1,52	0,894161	34163,598559
1,54	0,577647	22068,943119
1,56	0,984137	37599,892254
1,58	0,89043	34019,962752
1,6	0,660723	25243,201442
1,62	0,772758	29523,551831
1,64	0,382494	14613,44353
1,66	0,841656	32156,512212
1,68	0,430835	16460,081387
1,7	0,743495	28407,047785
1,72	0,579793	22152,23283
1,74	0,406865	15544,631174
1,76	0,315366	12049,198317
1,78	0,57763	22069,297605
1,8	1,024186	39130,654984
1,82	0,807264	30842,03475
1,84	0,565193	21593,806941
1,86	0,398743	15234,816009
1,88	0,585669	22376,648617
1,9	0,625064	23880,814913
1,92	0,61765	23598,143464
1,94	0,577771	22074,284262
1,96	0,623725	23829,616083
1,98	0,395586	15114,07161
2	0,818058	31255,229273
2,02	0,827722	31624,003044
2,04	0,90032	34398,138212
2,06	0,997718	38118,959351
2,08	0,913241	34891,382829
2,1	1,026236	39208,378343
2,12	0,784138	29958,460036
2,14	1,06662	40750,255911
2,16	1,080624	41286,465264
2,18	1,042393	39826,648239
2,2	1,196706	45720,477098
2,22	1,229779	46985,216958
2,24	1,182972	45197,258404
2,26	1,211997	46304,016745
2,28	1,390647	53131,845295
2,3	1,309484	50031,026253
2,32	1,365769	52181,050531
2,34	1,291493	49342,602985
2,36	1,382216	52808,818399
2,38	1,376438	52589,083253
2,4	1,43099	54671,577255
2,42	1,455601	55613,015164
2,44	1,510053	57692,366379
2,46	1,531744	58523,023215
2,48	1,539101	58803,950921
2,5	1,644956	62848,863157
2,52	1,60819	61444,094538
2,54	1,635536	62488,141579
2,56	1,756612	67113,67001
2,58	1,709322	65306,258942
2,6	1,759007	67204,247097
2,62	1,830543	69937,47582
2,64	1,832617	70015,599054
2,66	1,812391	69244,720315
2,68	1,759255	67213,127076
2,7	1,89453	72382,636702
2,72	1,939493	74099,249155
2,74	1,94012	74124,365607
2,76	1,998935	76371,741346
2,78	2,041374	77993,222089
2,8	2,169899	82902,589163
2,82	2,135304	81581,564534
2,84	2,174377	83070,775599
2,86	2,177549	83197,571021
2,88	2,147231	82036,502709
2,9	2,232935	85313,099663
2,92	2,224331	84982,720142
2,94	2,299554	87858,384465
2,96	2,438702	93172,155385
2,98	2,488417	95073,077694
3	2,491809	95200,735209
3,02	2,439212	93191,905408
3,04	2,55474	97608,160403
3,06	2,597001	99219,999872
3,08	2,56326	97932,403303
3,1	2,579227	98540,844015
3,12	2,699323	103130,288067
3,14	2,685465	102602,797738
3,16	2,7123	103626,456242
3,18	2,730163	104306,865405
3,2	2,729974	104301,762981
3,22	2,892908	110524,224009
3,24	2,92124	111607,232534
3,26	2,935899	112170,243458
3,28	2,99574	114453,536924
3,3	2,948751	112657,783194
3,32	3,059379	116887,454955
3,34	3,054621	116703,8863
3,36	3,162339	120822,300359
3,38	3,154116	120508,888082
3,4	3,226259	123262,789123
3,42	3,271932	125009,087068
3,44	3,25478	124352,543535
3,46	3,360101	128377,06485
3,48	3,376995	129021,982139
3,5	3,375383	128960,494618
3,52	3,403271	130025,902055
3,54	3,444551	131603,38114
3,56	3,436087	131284,495031
3,58	3,545806	135470,443081
3,6	3,50662	133976,057755
3,62	3,586596	137030,11496
3,64	3,655584	139663,711333
3,66	3,692488	141079,034697
3,68	3,774347	144201,58909
3,7	3,752269	143355,876547
3,72	3,883514	148375,932142
3,74	3,851433	147148,128734
3,76	3,915969	149611,929327
3,78	3,961166	151341,001911
3,8	3,966548	151546,550672
3,82	4,126558	157658,706249
3,84	4,100229	156652,520219
3,86	4,165351	159143,413223
3,88	4,245772	162211,880577
3,9	4,219781	161225,002015
3,92	4,197832	160385,757588
3,94	4,263126	162877,596605
3,96	4,283291	163647,809173
3,98	4,365382	166785,264826
4	4,419395	168847,332399
4,02	4,390111	167725,260892
4,04	4,544466	173629,386083
4,06	4,569762	174592,402621
4,08	4,613652	176269,935278
4,1	4,670668	178448,994011
4,12	4,71471	180130,722291
4,14	4,799291	183361,951672
4,16	4,785532	182839,702593
4,18	4,892714	186933,747577
4,2	4,909352	187569,526308
4,22	4,923252	188093,592378
4,24	5,024458	191962,172762
4,26	5,019472	191775,937502
4,28	5,153189	196883,550655
4,3	5,133974	196146,146971
4,32	5,138104	196310,077664
4,34	5,174285	197692,068917
4,36	5,286154	201965,976678
4,38	5,248586	200536,102043
4,4	5,37992	205549,838294
4,42	5,379928	205554,244993
4,44	5,450115	208236,774672
4,46	5,542787	211773,085263
4,48	5,527385	211188,409746
4,5	5,659909	216249,280167
4,52	5,692303	217488,397498
4,54	5,757951	219997,874773
4,56	5,793248	221348,724478
4,58	5,838628	223073,676402
4,6	5,91621	226044,884977
4,62	5,917293	226089,069372
4,64	6,069854	231920,068204
4,66	6,085066	232492,899078
4,68	6,139748	234589,294403
4,7	6,204916	237075,847173
4,72	6,181423	236181,868271
4,74	6,198954	236853,681765
4,76	6,272856	239673,38835
4,78	6,344892	242426,759927
4,8	6,37477	243574,599321
4,82	6,488829	247923,996437
4,84	6,485797	247804,475661
4,86	6,621532	252993,877772
4,88	6,640266	253709,501786
4,9	6,701121	256043,075122
4,92	6,773855	258811,814586
4,94	6,781549	259106,889275
4,96	6,921887	264478,535845
4,98	6,918187	264337,975602
5	6,999597	267442,439722
5,02	7,054339	269527,590922
5,04	7,094748	271079,922436
5,06	7,222221	275943,390235
5,08	7,191048	274756,424635
5,1	7,303743	279062,15284
5,12	7,337074	280334,131432
5,14	7,321796	279752,978465
5,16	7,337854	280371,707135
5,18	7,500195	286570,879617
5,2	7,485518	286003,427684
5,22	7,57569	289443,010891
5,24	7,62409	291300,163973
5,26	7,653068	292409,595082
5,28	7,763891	296650,961274
5,3	7,752238	296193,598021
5,32	7,897844	301764,742613
5,34	7,930869	303026,527125
5,36	7,966795	304393,40373
5,38	8,0399	307186,389525
5,4	8,038392	307128,731932
5,42	8,202186	313379,59374
5,44	8,218536	314013,299155
5,46	8,319118	317851,069945
5,48	8,386076	320414,280618
5,5	8,415968	321552,016445
5,52	8,533216	326031,901608
5,54	8,5226	325630,57702
5,56	8,534092	326068,626207
5,58	8,595178	328405,332868
5,6	8,695255	332229,441153
5,62	8,701461	332460,66337
5,64	8,931293	341241,299404
5,66	8,929432	341180,505174
5,68	9,00351	344012,758662
5,7	9,089601	347301,074163
5,72	9,102888	347805,999481
5,74	9,279684	354551,092295
5,76	9,261371	353856,601007
5,78	9,38874	358728,058557
5,8	9,446801	360945,034481
5,82	9,516769	363609,544458
5,84	9,647977	368621,663333
5,86	9,660345	369110,751101
5,88	9,850545	376370,476628
5,9	9,875919	377326,365363
5,92	9,955003	380365,178504
5,94	10,059492	384361,402529
5,96	10,035617	383448,276582
5,98	10,035981	383470,197627
6	10,212359	390192,131055
6,02	10,29167	393224,099617
6,04	10,346663	395320,548105
6,06	10,528652	402273,500909
6,08	10,538804	402673,730938
6,1	10,712896	409319,608747
6,12	10,743112	410464,596118
6,14	10,845469	414393,685561
6,16	10,989223	419879,756781
6,18	10,995178	420108,330125
6,2	11,219757	428695,651541
6,22	11,224218	428864,54602
6,24	11,364827	434244,298994
6,26	11,450486	437517,787828
6,28	11,499155	439380,628629
6,3	11,686832	446545,350558
6,32	11,68418	446446,360243
6,34	11,862444	453262,135496
6,36	11,932414	455942,398624
6,38	11,904915	454876,743529
6,4	11,922335	455539,687326
6,42	12,15077	464284,002009
6,44	12,171302	465052,104293
6,46	12,313598	470511,519541
6,48	12,428377	474884,018435
6,5	12,452985	475849,812483
6,52	12,668588	484065,756858
6,54	12,676736	484385,012651
6,56	12,857296	491275,128364
6,58	12,924367	493844,387202
6,6	13,003293	496856,640314
6,62	13,16405	502999,509515
6,64	13,16581	503075,344657
6,66	13,402704	512120,206497
6,68	13,42339	512909,662983
6,7	13,543353	517495,050189
6,72	13,65726	521844,368402
6,74	13,675405	522541,273714
6,76	13,876524	530226,640094
6,78	13,878343	530288,391316
6,8	13,877675	530264,929934
6,82	13,952712	533133,893416
6,84	14,118431	539460,23276
6,86	14,104754	538949,090071
6,88	14,321948	547249,040178
6,9	14,348958	548272,563171
6,92	14,46854	552839,336295
6,94	14,601913	557937,279469
6,96	14,618489	558558,605686
6,98	14,832903	566755,546092
7	14,819756	566266,725179
7,02	14,976691	572249,658165
7,04	15,044054	574825,195593
7,06	15,102127	577055,141111
7,08	15,271147	583506,34606
7,1	15,263821	583244,94295
7,12	15,442794	590068,729881
7,14	15,481881	591547,445667
7,16	15,573513	595058,968773
7,18	15,711989	600339,01233
7,2	15,717556	600567,079446
7,22	15,709815	600274,257227
7,24	15,829845	604848,803192
7,26	15,911085	607963,451418
7,28	15,953552	609589,194324
7,3	16,129357	616300,318327
7,32	16,131514	616396,156197
7,34	16,2874	622352,978056
7,36	16,331238	624008,73943
7,38	16,422838	627518,667506
7,4	16,548933	632357,271592
7,42	16,554717	632550,090022
7,44	16,74565	639845,064713
7,46	16,753242	640145,314103
7,48	16,852265	643939,271025
7,5	16,943047	647407,371812
7,52	16,959211	648002,852416
7,54	17,13551	654740,479509
7,56	17,130353	654553,921712
7,58	17,275459	660087,679035
7,6	17,325377	662003,28171
7,62	17,320743	661833,289388
7,64	17,321432	661855,990357
7,66	17,49359	668421,937516
7,68	17,51283	669167,889938
7,7	17,607221	672774,897655
7,72	17,698044	676249,335719
7,74	17,709336	676676,525899
7,76	17,89244	683669,3691
7,78	17,887282	683469,075078
7,8	18,007311	688062,879789
7,82	18,061195	690123,33923
7,84	18,108183	691914,486542
7,86	18,237031	696827,659168
7,88	18,243333	697071,310332
7,9	18,384215	702461,160572
7,92	18,400003	703053,159299
7,94	18,483752	706279,278274
7,96	18,572961	709661,699657
7,98	18,584385	710108,07393
8	18,732387	715754,301807
8,02	18,736084	715924,988084
8,04	18,736117	715901,953082
8,06	18,767342	717093,456405
8,08	18,88494	721599,495864
8,1	18,88508	721601,82039
8,12	19,025155	726948,232454
8,14	19,05132	727951,573689
8,16	19,106342	730048,302652
8,18	19,208151	733944,696831
8,2	19,213184	734118,779665
8,22	19,362212	739821,094652
8,24	19,370372	740140,629947
8,26	19,454436	743340,710929
8,28	19,510011	745504,387253
8,3	19,539616	746621,293052
8,32	19,671302	751637,875512
8,34	19,674177	751771,18874
8,36	19,778801	755735,735633
8,38	19,805782	756781,552494
8,4	19,859176	758791,545072
8,42	19,950779	762290,119284
8,44	19,955108	762474,613151
8,46	19,95319	762411,846629
8,48	20,034185	765498,541279
8,5	20,088753	767583,715947
8,52	20,113041	768509,934196
8,54	20,223563	772743,342524
8,56	20,233426	773110,323531
8,58	20,322216	776507,103905
8,6	20,360093	777955,021419
8,62	20,407793	779762,942835
8,64	20,48558	782761,110709
8,66	20,487862	782829,315783
8,68	20,621374	787949,174952
8,7	20,621589	787956,668623
8,72	20,689818	790576,482399
8,74	20,744843	792653,853609
8,76	20,756887	793108,530149
8,78	20,876268	797685,625438
8,8	20,878955	797804,633451
8,82	20,963701	801007,505337
8,84	20,987992	801950,386037
8,86	20,99076	802045,65003
8,88	20,985008	801817,288904
8,9	21,101589	806300,347275
8,92	21,104685	806430,035192
8,94	21,177537	809193,654299
8,96	21,235886	811417,262582
8,98	21,264132	812499,583828
9	21,353487	815908,844036
9,02	21,355282	815968,580581
9,04	21,443262	819344,948514
9,06	21,47075	820409,649356
9,08	21,516426	822155,214668
9,1	21,588334	824896,877154
9,12	21,58889	824928,73291
9,14	21,700599	829195,691329
9,16	21,710691	829615,511559
9,18	21,764453	831641,653379
9,2	21,821245	833802,882094
9,22	21,831848	834231,2077
9,24	21,934854	838202,302616
9,26	21,932065	838073,597005
9,28	21,931275	838061,858856
9,3	21,96786	839455,918062
9,32	22,042315	842337,463109
9,34	22,036819	842115,920449
9,36	22,138439	845986,62286
9,38	22,150128	846430,983725
9,4	22,205616	848538,941078
9,42	22,276918	851264,958772
9,44	22,280807	851424,385953
9,46	22,372979	854936,846776
9,48	22,377145	855129,139913
9,5	22,446253	857757,522232
9,52	22,481196	859103,38015
9,54	22,509942	860180,389886
9,56	22,584112	863001,988484
9,58	22,579184	862843,303091
9,6	22,676978	866599,262072
9,62	22,687468	866993,525209
9,64	22,737379	868890,760542
9,66	22,789533	870859,473001
9,68	22,784241	870674,994605
9,7	22,786566	870769,551007
9,72	22,854556	873353,779108
9,74	22,887649	874650,46028
9,76	22,907793	875397,435709
9,78	22,990975	878588,20949
9,8	22,984651	878354,811459
9,82	23,079935	881969,32709
9,84	23,090199	882370,405446
9,86	23,140586	884268,551621
9,88	23,195842	886413,249247
9,9	23,197566	886480,582296
9,92	23,298825	890332,787742
9,94	23,303542	890533,244085
9,96	23,360282	892730,705426
9,98	23,400871	894257,770836
10	23,41821	894893,215793
10,02	23,499017	898032,788292
10,04	23,495967	897912,475863
10,06	23,576816	900989,155871
10,08	23,604961	902070,899346
10,1	23,591966	901601,949201
10,12	23,59433	901674,119985
10,14	23,686933	905195,069721
10,16	23,680239	904966,502495
10,18	23,742029	907310,872904
10,2	23,768008	908319,145498
10,22	23,794333	909311,284113
10,24	23,880255	912625,946805
10,26	23,877752	912497,218076
10,28	23,943392	915040,701992
10,3	23,960976	915682,453659
10,32	24,000625	917224,130356
10,34	24,07052	919887,736442
10,36	24,064202	919597,864212
10,38	24,149687	922916,768157
10,4	24,152294	923004,575658
10,42	24,200148	924818,851894
10,44	24,240192	926357,508047
10,46	24,259143	927104,899006
10,48	24,340126	930151,209467
10,5	24,335428	929981,257492
10,52	24,336258	930032,924616
10,54	24,367802	931246,133674
10,56	24,412964	932942,045225
10,58	24,407952	932765,292895
10,6	24,50667	936542,031808
10,62	24,507338	936542,271267
10,64	24,559464	938566,666616
10,66	24,601381	940154,097715
10,68	24,613439	940647,226836
10,7	24,678403	943107,234171
10,72	24,680049	943155,000719
10,74	24,7515	945896,583552
10,76	24,770253	946617,585043
10,78	24,796996	947669,081475
10,8	24,839212	949249,601072
10,82	24,835741	949118,147677
10,84	24,916583	952222,291032
10,86	24,923614	952476,051855
10,88	24,967752	954141,529146
10,9	25,011277	955839,821129
10,92	25,010021	955778,163655
10,94	25,010245	955777,461441
10,96	25,065469	957886,726954
10,98	25,083216	958545,932709
11	25,118551	959925,309174
11,02	25,180466	962299,80135
11,04	25,185666	962493,401527
11,06	25,262213	965411,613218
11,08	25,263872	965483,556107
11,1	25,303337	966994,019905
11,12	25,343994	968535,467247
11,14	25,355351	968978,618651
11,16	25,429357	971797,334191
11,18	25,428815	971770,774228
11,2	25,479565	973758,780722
11,22	25,499117	974463,403517
11,24	25,528744	975605,2549
11,26	25,586854	977826,627325
11,28	25,589076	977898,064652
11,3	25,653218	980377,388199
11,32	25,661588	980678,38439
11,34	25,660859	980635,86912
11,36	25,673787	981140,799134
11,38	25,728176	983216,943976
11,4	25,729608	983295,493893
11,42	25,784669	985388,959823
11,44	25,820692	986770,157258
11,46	25,833141	987256,371343
11,48	25,888254	989341,530285
11,5	25,891758	989488,766344
11,52	25,954463	991873,664887
11,54	25,95714	991991,908095
11,56	25,990027	993226,786646
11,58	26,030623	994797,491576
11,6	26,036041	994985,260862
11,62	26,099506	997391,678117
11,64	26,097994	997389,945033
11,66	26,15179	999424,474419
11,68	26,174339	1000305,872475
11,7	26,19491	1001049,330011
11,72	26,230521	1002432,10571
11,74	26,234364	1002576,032742
11,76	26,231765	1002476,786551
11,78	26,279094	1004292,752123
11,8	26,318582	1005808,407616
11,82	26,324489	1006001,501044
11,84	26,392365	1008631,582102
11,86	26,391318	1008586,038276
11,88	26,43819	1010371,300138
11,9	26,460388	1011199,756186
11,92	26,4843	1012120,944953
11,94	26,535092	1014081,854118
11,96	26,534646	1014070,663426
11,98	26,597687	1016463,28727
12	26,60294	1016672,145529
12,02	26,632101	1017776,77914
12,04	26,667163	1019111,193398
12,06	26,667779	1019128,928602
12,08	26,733191	1021641,165418
12,1	26,733166	1021648,140791
12,12	26,775615	1023241,401273
12,14	26,805246	1024377,705438
12,16	26,796103	1024040,35147
12,18	26,801297	1024263,709069
12,2	26,859932	1026476,992056
12,22	26,873601	1026995,332164
12,24	26,90442	1028180,319485
12,26	26,939807	1029533,813159
12,28	26,941016	1029600,228398
12,3	27,003575	1031982,747296
12,32	27,002182	1031918,544158
12,34	27,052737	1033827,583207
12,36	27,07626	1034756,794988
12,38	27,090674	1035296,04445
12,4	27,135441	1037008,498891
12,42	27,134105	1036963,526642
12,44	27,207608	1039749,928233
12,46	27,217316	1040144,573664
12,48	27,233517	1040764,595796
12,5	27,257986	1041733,491072
12,52	27,259813	1041757,093873
12,54	27,337383	1044723,388517
12,56	27,340386	1044831,510724
12,58	27,340283	1044821,02687
12,6	27,347056	1045090,698547
12,62	27,389057	1046677,429074
12,64	27,384419	1046500,90461
12,66	27,428702	1048196,946417
12,68	27,431607	1048285,876792
12,7	27,470851	1049790,380766
12,72	27,509962	1051258,483456
12,74	27,511454	1051361,018558
12,76	27,571028	1053613,185188
12,78	27,570421	1053588,226641
12,8	27,603596	1054864,976795
12,82	27,621113	1055555,908412
12,84	27,635588	1056085,413114
12,86	27,695754	1058385,350266
12,88	27,69533	1058341,642913
12,9	27,737882	1059986,577476
12,92	27,736979	1059950,209745
12,94	27,768363	1061130,726066
12,96	27,813913	1062866,383425
12,98	27,810695	1062762,065802
13	27,809607	1062706,637063
13,02	27,82452	1063306,475749
13,04	27,833446	1063613,853201
13,06	27,842591	1064012,967842
13,08	27,870585	1065025,149738
13,1	27,873433	1065151,79046
13,12	27,932788	1067426,922149
13,14	27,950142	1068072,685248
13,16	27,960359	1068480,631068
13,18	27,978787	1069193,863711
13,2	27,975138	1069033,428226
13,22	28,029351	1071119,342337
13,24	28,031334	1071144,188405
13,26	28,050315	1071895,927224
13,28	28,072862	1072783,674822
13,3	28,078164	1072983,618896
13,32	28,087319	1073318,647404
13,34	28,085789	1073277,516916
13,36	28,129692	1074964,484196
13,38	28,140536	1075372,128736
13,4	28,14456	1075519,894361
13,42	28,1433	1075479,465872
13,44	28,135229	1075167,708868
13,46	28,134377	1075105,670204
13,48	28,136084	1075189,409607
13,5	28,126505	1074835,16129
13,52	28,130306	1075004,311642
13,54	28,149126	1075689,681795
13,56	28,14895	1075681,071642
13,58	28,132361	1075043,203624
13,6	28,125572	1074793,185957
13,62	28,125435	1074753,098828
13,64	28,119093	1074523,503334
13,66	28,1182	1074537,614724
13,68	28,10764	1074106,94711
13,7	28,107343	1074094,694186
