TIME [s]	VITESSE [m/s]	NBR REYNOLDS
0,02	0,485476	18554,927456
0,04	0,583256	22292,338095
0,06	0,596021	22779,987028
0,08	0,408812	15625,107156
0,1	0,685401	26196,279594
0,12	0,362194	13842,826975
0,14	0,809052	30921,29498
0,16	0,827938	31643,763848
0,18	0,650995	24881,185952
0,2	0,455261	17400,028411
0,22	0,380207	14531,60698
0,24	0,983553	37591,594978
0,26	1,118695	42756,667316
0,28	0,459827	17574,670697
0,3	0,727998	27823,877869
0,32	0,753393	28794,553065
0,34	0,578935	22127,477968
0,36	0,574586	21961,27839
0,38	0,411876	15741,768447
0,4	0,58327	22292,050487
0,42	0,755052	28858,179752
0,44	0,475027	18155,802162
0,46	0,603689	23072,902083
0,48	0,266433	10183,053116
0,5	0,606451	23178,562056
0,52	0,64971	24832,034166
0,54	0,514729	19673,130789
0,56	0,621429	23751,104217
0,58	0,617385	23596,237739
0,6	0,543952	20789,801221
0,62	0,786505	30060,465467
0,64	0,274167	10478,564009
0,66	0,944963	36117,109736
0,68	0,893491	34149,913661
0,7	0,605074	23125,73761
0,72	0,402636	15388,730926
0,74	0,714668	27314,475915
0,76	0,739947	28281,230262
0,78	0,543955	20789,726681
0,8	0,555347	21226,064883
0,82	0,508193	19423,167284
0,84	0,562841	21511,477512
0,86	0,444107	16973,657105
0,88	0,624786	23879,258894
0,9	0,588971	22510,221525
0,92	0,678046	25914,990361
0,94	0,386748	14781,563552
0,96	0,624121	23853,572501
0,98	0,556861	21283,303976
1	0,732569	27999,063468
1,02	0,580384	22182,461343
1,04	0,767134	29320,035026
1,06	0,575326	21988,799525
1,08	1,036537	39616,117548
1,1	0,919338	35136,551187
1,12	0,435557	16646,662656
1,14	0,383498	14656,982174
1,16	0,774731	29610,054011
1,18	0,50323	19233,681334
1,2	0,686008	26219,646421
1,22	0,563583	21539,851978
1,24	0,374667	14319,992351
1,26	0,601607	22993,40062
1,28	0,676818	25867,697402
1,3	0,827439	31624,329753
1,32	0,540099	20642,355391
1,34	0,659295	25198,111227
1,36	0,809564	30941,128256
1,38	0,827435	31624,410611
1,4	0,928389	35482,404536
1,42	0,832473	31816,90352
1,44	0,672468	25702,183192
1,46	0,795508	30403,445422
1,48	0,83997	32103,515656
1,5	0,838575	32049,805423
1,52	0,948416	36248,944088
1,54	0,75394	28815,915255
1,56	0,828442	31663,077463
1,58	0,832479	31816,763262
1,6	0,72742	27801,982521
1,62	0,912953	34892,343401
1,64	0,534649	20434,335262
1,66	0,701098	26795,106775
1,68	0,594619	22726,266033
1,7	0,459829	17574,632992
1,72	0,47592	18189,118491
1,74	0,320558	12251,599805
1,76	0,316617	12101,258103
1,78	0,431698	16499,327778
1,8	0,329793	12604,707246
1,82	0,141377	5403,449126
1,84	0,539456	20618,493935
1,86	0,541795	20706,763583
1,88	0,605195	23130,788471
1,9	0,547167	20912,209121
1,92	0,467211	17856,775839
1,94	0,546395	20883,149459
1,96	0,778069	29737,194389
1,98	0,725804	27740,052532
2	0,640771	24489,759362
2,02	0,546398	20883,087472
2,04	0,597555	22838,421909
2,06	0,756816	28925,464078
2,08	0,903835	34543,836403
2,1	0,857291	32766,157243
2,12	0,902448	34490,719486
2,14	0,885593	33847,831235
2,16	0,709491	27116,75119
2,18	0,972879	37183,097495
2,2	0,991166	37883,013094
2,22	1,115391	42630,706848
2,24	1,154094	44108,626297
2,26	1,089237	41630,369851
2,28	1,265703	48373,731868
2,3	1,281776	48988,536334
2,32	1,277194	48813,893798
2,34	1,335735	51052,077982
2,36	1,393347	53252,902004
2,38	1,312687	50171,404801
2,4	1,201649	45926,281008
2,42	1,297007	49571,066496
2,44	1,514118	57868,888707
2,46	1,587669	60681,919695
2,48	1,590064	60771,86041
2,5	1,576846	60267,739153
2,52	1,578721	60338,193179
2,54	1,678324	64144,604845
2,56	1,68998	64590,683647
2,58	1,688	64515,012043
2,6	1,664538	63619,517428
2,62	1,713088	65473,033265
2,64	1,891231	72281,762754
2,66	1,783394	68159,737596
2,68	1,898239	72552,657918
2,7	1,869876	71466,474163
2,72	1,959366	74888,283586
2,74	2,050745	78377,12174
2,76	2,074219	79276,488896
2,78	2,115518	80855,350713
2,8	2,04334	78097,257055
2,82	2,043523	78105,518669
2,84	2,166263	82796,084781
2,86	2,202266	84170,710285
2,88	2,199786	84076,583127
2,9	2,29999	87902,914346
2,92	2,240268	85623,877383
2,94	2,320737	88699,450005
2,96	2,328315	88987,592728
2,98	2,389447	91324,43746
3	2,468922	94363,589712
3,02	2,535612	96910,46475
3,04	2,512749	96037,185859
3,06	2,523333	96444,107099
3,08	2,580237	98615,434776
3,1	2,654175	101442,133619
3,12	2,639205	100867,928624
3,14	2,710409	103592,934263
3,16	2,72303	104075,087103
3,18	2,753109	105224,520953
3,2	2,813653	107537,393652
3,22	2,752207	105189,519835
3,24	2,75893	105443,624722
3,26	2,915209	111419,756881
3,28	2,881715	110141,671674
3,3	2,979448	113875,581536
3,32	3,00864	114990,59179
3,34	3,031242	115852,136449
3,36	3,138504	119955,224805
3,38	3,125338	119449,204899
3,4	3,233269	123575,3025
3,42	3,211204	122732,628787
3,44	3,23232	123541,611981
3,46	3,308506	126453,081531
3,48	3,336812	127534,99325
3,5	3,464212	132401,529939
3,52	3,477232	132898,451945
3,54	3,494384	133553,821406
3,56	3,514218	134309,98947
3,58	3,530674	134941,293245
3,6	3,610329	137983,244281
3,62	3,630518	138755,870109
3,64	3,632203	138822,7303
3,66	3,673481	140402,387633
3,68	3,759422	143686,591968
3,7	3,735132	142756,533176
3,72	3,828997	146348,944998
3,74	3,840627	146788,99043
3,76	3,870656	147936,884537
3,78	3,929935	150201,924196
3,8	3,948492	150911,98032
3,82	4,059145	155142,148717
3,84	4,056656	155041,917632
3,86	4,132161	157930,481967
3,88	4,154326	158779,489129
3,9	4,185063	159956,627812
3,92	4,31874	165061,714515
3,94	4,285117	163776,744642
3,96	4,398013	168088,665356
3,98	4,425197	169133,867463
4	4,459371	170439,076434
4,02	4,486473	171474,920148
4,04	4,49692	171872,811
4,06	4,488461	171549,021508
4,08	4,590118	175434,955191
4,1	4,602029	175890,413586
4,12	4,657806	178018,132238
4,14	4,715207	180214,484457
4,16	4,721591	180452,968019
4,18	4,894757	187082,740714
4,2	4,837451	184892,99941
4,22	4,918685	187992,905377
4,24	4,93022	188439,34266
4,26	5,013111	191603,174257
4,28	5,11714	195571,885496
4,3	5,128121	195993,678613
4,32	5,180129	197985,039179
4,34	5,225674	199721,648469
4,36	5,263194	201161,683732
4,38	5,378418	205562,613592
4,4	5,358253	204796,330517
4,42	5,483251	209574,02257
4,44	5,498714	210164,481276
4,46	5,475542	209279,608133
4,48	5,523549	211111,799092
4,5	5,586051	213511,432249
4,52	5,589729	213651,279149
4,54	5,6799	217104,038091
4,56	5,708693	218203,474015
4,58	5,768632	220494,820532
4,6	5,830192	222847,242027
4,62	5,82939	222821,612344
4,64	6,005442	229544,9713
4,66	5,998671	229291,216109
4,68	6,046127	231106,061098
4,7	6,081046	232442,505803
4,72	6,113475	233681,787773
4,74	6,280995	240081,789673
4,76	6,258087	239204,65256
4,78	6,368568	243440,121066
4,8	6,394133	244404,52387
4,82	6,435584	245988,275715
4,84	6,50219	248531,013557
4,86	6,498203	248386,208875
4,88	6,510616	248867,599698
4,9	6,581997	251599,789839
4,92	6,672624	255056,446904
4,94	6,685297	255531,60723
4,96	6,785005	259347,651456
4,98	6,796745	259800,957052
5	6,933337	265020,212924
5,02	6,940763	265303,175944
5,04	7,003464	267696,642109
5,06	7,08535	270826,329666
5,08	7,06109	269907,899819
5,1	7,224569	276150,566103
5,12	7,240855	276763,473258
5,14	7,313593	279555,910569
5,16	7,356852	281208,804878
5,18	7,393187	282603,913234
5,2	7,523105	287568,979824
5,22	7,51185	287133,627119
5,24	7,61638	291139,784034
5,26	7,664369	292966,865355
5,28	7,652761	292515,751608
5,3	7,652794	292521,51771
5,32	7,772395	297093,265269
5,34	7,802675	298250,116369
5,36	7,876408	301065,465932
5,38	7,957973	304183,178057
5,4	7,980917	305074,168209
5,42	8,127807	310671,633442
5,44	8,120538	310394,653892
5,46	8,231621	314640,875177
5,48	8,290392	316900,466991
5,5	8,328604	318359,019155
5,52	8,435733	322449,66209
5,54	8,436996	322490,658951
5,56	8,607693	329016,862234
5,58	8,608517	329042,728841
5,6	8,685636	331994,93133
5,62	8,74637	334320,657586
5,64	8,763619	334970,692707
5,66	8,978137	343190,118296
5,68	8,989604	343618,900784
5,7	8,984548	343435,827894
5,72	9,052508	346013,356882
5,74	9,134011	349144,534281
5,76	9,132783	349097,151535
5,78	9,314274	356028,862397
5,8	9,316078	356102,560248
5,82	9,447205	361111,388685
5,84	9,54045	364670,403713
5,86	9,562236	365508,708964
5,88	9,766327	373297,170304
5,9	9,766813	373329,983358
5,92	9,882574	377749,629818
5,94	9,941962	380028,570996
5,96	9,989289	381839,00459
5,98	10,166404	388593,069454
6	10,169666	388729,017704
6,02	10,349484	395597,823881
6,04	10,367888	396293,899259
6,06	10,484035	400737,76119
6,08	10,614975	405756,940209
6,1	10,612811	405660,183808
6,12	10,603128	405284,840974
6,14	10,75606	411142,963492
6,16	10,827785	413880,135225
6,18	10,889851	416253,724088
6,2	11,050602	422406,801302
6,22	11,052763	422480,176852
6,24	11,274241	430949,296049
6,26	11,307364	432209,334398
6,28	11,415797	436350,811923
6,3	11,537934	441026,404055
6,32	11,550814	441517,133756
6,34	11,774937	450082,155396
6,36	11,787755	450571,486626
6,38	11,942314	456490,630357
6,4	12,038263	460148,897169
6,42	12,084854	461932,836215
6,44	12,276994	469263,959548
6,46	12,281291	469443,770551
6,48	12,474088	476798,373703
6,5	12,529641	478938,273308
6,52	12,527632	478857,987113
6,54	12,528643	478874,404462
6,56	12,769296	488100,693369
6,58	12,758094	487678,462801
6,6	12,918107	493789,120725
6,62	13,032871	498172,454089
6,64	13,062503	499305,046272
6,66	13,290403	508024,427669
6,68	13,292517	508086,265666
6,7	13,462036	514574,173461
6,72	13,52289	516901,265487
6,74	13,619807	520609,638506
6,76	13,774773	526548,30168
6,78	13,778638	526684,594602
6,8	13,99482	534934,519019
6,82	14,019758	535898,737522
6,84	14,139566	540488,910412
6,86	14,277881	545751,52768
6,88	14,29593	546450,146896
6,9	14,507783	554553,391926
6,92	14,50928	554608,98075
6,94	14,508891	554583,078081
6,96	14,567848	556848,944792
6,98	14,732361	563131,651237
7	14,732253	563122,173005
7,02	14,939261	571048,466658
7,04	14,951911	571534,732465
7,06	15,078425	576360,814107
7,08	15,196577	580878,47657
7,1	15,212217	581476,381427
7,12	15,416401	589261,389856
7,14	15,41147	589082,240328
7,16	15,568153	595086,139418
7,18	15,65367	598340,678188
7,2	15,702571	600231,366025
7,22	15,862864	606336,850228
7,24	15,856267	606080,525053
7,26	16,039459	613087,796924
7,28	16,075135	614467,444287
7,3	16,152612	617407,5564
7,32	16,277735	622196,09933
7,34	16,284202	622446,463205
7,36	16,281696	622338,012952
7,38	16,395143	626703,533589
7,4	16,479853	629913,871061
7,42	16,50874	631031,556589
7,44	16,691165	638013,12822
7,46	16,685238	637781,622476
7,48	16,844263	643866,685226
7,5	16,893987	645766,037248
7,52	16,966036	648499,094576
7,54	17,107713	653920,484234
7,56	17,103112	653730,632331
7,58	17,2878	660785,788211
7,6	17,304514	661445,110119
7,62	17,395247	664914,22481
7,64	17,486297	668406,789384
7,66	17,519683	669684,192778
7,68	17,671842	675489,526036
7,7	17,663846	675197,833001
7,72	17,807766	680704,391334
7,74	17,860853	682740,169158
7,76	17,852568	682422,073607
7,78	17,857921	682638,164648
7,8	18,028484	689147,528245
7,82	18,03092	689247,370029
7,84	18,12885	692986,19926
7,86	18,222243	696554,191897
7,88	18,231595	696903,786328
7,9	18,387498	702894,301353
7,92	18,387153	702869,294999
7,94	18,511946	707641,107667
7,96	18,561224	709542,576395
7,98	18,606883	711266,336238
8	18,72115	715639,752119
8,02	18,719401	715581,252208
8,04	18,86776	721234,926755
8,06	18,891451	722144,204768
8,08	18,955922	724616,257226
8,1	19,038113	727751,683843
8,12	19,041269	727867,445401
8,14	19,207693	734214,569141
8,16	19,20863	734261,834497
8,18	19,210294	734349,198638
8,2	19,244075	735610,930901
8,22	19,352732	739780,729452
8,24	19,354715	739847,850222
8,26	19,479757	744652,525722
8,28	19,505356	745608,398347
8,3	19,580634	748483,415121
8,32	19,658424	751477,413736
8,34	19,666422	751774,028048
8,36	19,815132	757462,145245
8,38	19,809277	757227,825647
8,4	19,900706	760729,586434
8,42	19,957695	762893,839447
8,44	19,991409	764176,093989
8,46	20,10681	768605,922454
8,48	20,104642	768534,434803
8,5	20,217019	772824,079608
8,52	20,244207	773855,992113
8,54	20,298245	775953,197764
8,56	20,389578	779434,921891
8,58	20,385502	779284,963233
8,6	20,384911	779270,608809
8,62	20,460579	782156,280078
8,64	20,504219	783833,136494
8,66	20,520393	784446,809196
8,68	20,613876	788041,16992
8,7	20,61978	788254,604028
8,72	20,740563	792869,599276
8,74	20,765093	793802,453951
8,76	20,81078	795531,696754
8,78	20,88639	798433,980649
8,8	20,884216	798357,539817
8,82	21,021886	803628,082658
8,84	21,020982	803588,217041
8,86	21,095096	806417,331361
8,88	21,157645	808827,1003
8,9	21,174005	809451,829694
8,92	21,268714	813066,16884
8,94	21,264879	812912,785065
8,96	21,37308	817041,374829
8,98	21,401648	818134,61315
9	21,403932	818239,229422
9,02	21,40241	818182,139871
9,04	21,510318	822312,664999
9,06	21,510286	822305,314116
9,08	21,586236	825195,991819
9,1	21,626748	826753,198438
9,12	21,655923	827849,347989
9,14	21,747625	831373,089666
9,16	21,755837	831669,552392
9,18	21,835414	834739,585128
9,2	21,859726	835652,079524
9,22	21,910711	837607,901124
9,24	21,98144	840295,729971
9,26	21,978278	840189,760786
9,28	22,088887	844410,658683
9,3	22,081203	844125,931495
9,32	22,143541	846478,4508
9,34	22,195772	848509,838001
9,36	22,210875	849084,508219
9,38	22,304326	852635,789822
9,4	22,30557	852695,052565
9,42	22,302718	852580,742346
9,44	22,343789	854153,162804
9,46	22,407246	856588,276662
9,48	22,408396	856633,696745
9,5	22,513378	860629,04535
9,52	22,51225	860607,56707
9,54	22,581993	863259,726251
9,56	22,624255	864896,236316
9,58	22,64642	865740,804771
9,6	22,738798	869247,081733
9,62	22,733544	869094,83852
9,64	22,818287	872299,213013
9,66	22,845625	873333,946679
9,68	22,878859	874616,168004
9,7	22,942953	877068,707704
9,72	22,948297	877276,834158
9,74	23,032274	880443,452687
9,76	23,041079	880808,545449
9,78	23,091905	882745,835165
9,8	23,135578	884427,681142
9,82	23,138659	884548,045369
9,84	23,139287	884570,153329
9,86	23,207853	887200,784803
9,88	23,240453	888444,196868
9,9	23,259562	889157,614886
9,92	23,320301	891454,253986
9,94	23,313313	891236,66983
9,96	23,429075	895659,954334
9,98	23,434016	895849,865315
10	23,494846	898150,670244
10,02	23,537587	899804,378389
10,04	23,546785	900156,89101
10,06	23,636316	903598,050716
10,08	23,639065	903676,586199
10,1	23,711708	906479,161234
10,12	23,739052	907526,14831
10,14	23,760604	908352,283377
10,16	23,821692	910681,611089
10,18	23,817058	910494,250315
10,2	23,918834	914411,954471
10,22	23,928108	914748,045647
10,24	23,926636	914714,719383
10,26	23,940474	915248,329634
10,28	24,020878	918311,814916
10,3	24,012978	918009,822061
10,32	24,068855	920144,353863
10,34	24,084989	920766,69836
10,36	24,127078	922372,74524
10,38	24,20595	925385,753622
10,4	24,202822	925243,957832
10,42	24,276702	928087,24601
10,44	24,283241	928355,561884
10,46	24,335814	930357,976142
10,48	24,379563	932036,500562
10,5	24,39141	932460,79059
10,52	24,476999	935739,444998
10,54	24,471304	935529,315016
10,56	24,532689	937887,893401
10,58	24,562956	939036,986485
10,6	24,588639	940030,458127
10,62	24,654691	942558,804156
10,64	24,652551	942467,23913
10,66	24,655643	942588,031862
10,68	24,700323	944299,554856
10,7	24,738426	945759,258578
10,72	24,742509	945883,764345
10,74	24,821983	948920,963936
10,76	24,817152	948756,050746
10,78	24,878206	951091,803431
10,8	24,911741	952395,799324
10,82	24,934778	953279,476067
10,84	24,988871	955335,364675
10,86	24,986099	955220,277163
10,88	25,057049	957930,446787
10,9	25,069288	958410,070454
10,92	25,109938	959946,802267
10,94	25,156899	961718,190781
10,96	25,161343	961928,655798
10,98	25,241092	964954,561485
11	25,238637	964887,338153
11,02	25,292044	966925,148595
11,04	25,326905	968269,157262
11,06	25,329261	968318,568591
11,08	25,328161	968263,554117
11,1	25,389899	970641,763025
11,12	25,408271	971355,141591
11,14	25,449555	972910,962429
11,16	25,494292	974656,13456
11,18	25,501245	974921,704691
11,2	25,583487	978068,76835
11,22	25,584355	978096,98683
11,24	25,63499	980030,702854
11,26	25,670642	981395,980087
11,28	25,684696	981945,175603
11,3	25,743356	984166,069036
11,32	25,749638	984405,233509
11,34	25,809449	986672,908298
11,36	25,818383	987044,160748
11,38	25,859679	988626,245679
11,4	25,907216	990463,139493
11,42	25,906331	990414,905682
11,44	25,97834	993149,405749
11,46	25,975832	993078,10207
11,48	25,976481	993091,20448
11,5	25,998771	993948,846152
11,52	26,06144	996335,476989
11,54	26,064265	996418,719858
11,56	26,122166	998646,039811
