TIME [s]	VITESSE [m/s]	NBR REYNOLDS
0,02	0,632833	24143,805901
0,04	0,352054	13431,681182
0,06	0,676352	25804,495682
0,08	1,280939	48871,26376
0,1	0,733524	27985,554948
0,12	1,239986	47309,146128
0,14	0,544581	20776,798161
0,16	0,617413	23555,743938
0,18	0,632163	24118,681712
0,2	0,533688	20361,963149
0,22	0,437966	16709,639259
0,24	0,463079	17667,592146
0,26	0,730548	27872,477168
0,28	0,559743	21356,092091
0,3	0,836933	31931,258643
0,32	0,609908	23269,095008
0,34	0,600209	22899,310744
0,36	0,779922	29756,255697
0,38	0,396819	15139,240604
0,4	0,683133	26063,164911
0,42	0,545351	20806,096803
0,44	0,481711	18378,079827
0,46	0,784757	29939,838626
0,48	0,611272	23321,635834
0,5	0,378444	14438,167187
0,52	1,563188	59640,083243
0,54	1,287423	49117,511988
0,56	0,661966	25254,749413
0,58	0,425356	16228,059405
0,6	0,61332	23400,047057
0,62	0,580331	22141,109595
0,64	0,683734	26086,803284
0,66	0,556754	21241,278058
0,68	0,790076	30142,882859
0,7	0,649163	24767,485265
0,72	0,582493	22223,58461
0,74	0,66259	25279,05647
0,76	0,509602	19442,440839
0,78	0,614697	23451,866613
0,8	0,572341	21835,870059
0,82	0,653029	24914,690944
0,84	0,562745	21469,67332
0,86	0,628186	23966,237315
0,88	0,61127	23321,679527
0,9	0,689845	26319,350046
0,92	0,427321	16303,065993
0,94	1,039755	39668,20883
0,96	0,976904	37272,058984
0,98	0,645935	24643,91477
1	0,316986	12093,635976
1,02	0,859178	32779,221803
1,04	0,485179	18510,312276
1,06	0,507134	19348,023111
1,08	0,268306	10236,458496
1,1	0,704873	26892,2484
1,12	0,566451	21611,342944
1,14	0,575256	21947,415159
1,16	0,571605	21807,982445
1,18	0,590356	22523,343039
1,2	0,697108	26595,703161
1,22	0,423379	16152,767734
1,24	0,464889	17736,402341
1,26	0,466688	17805,034275
1,28	0,542258	20688,75327
1,3	0,486901	18576,120607
1,32	0,600906	22925,949602
1,34	0,350864	13386,153346
1,36	0,900215	34345,584016
1,38	0,889364	33931,254123
1,4	0,507957	19379,559852
1,42	0,623491	23787,625365
1,44	0,799039	30484,924227
1,46	0,483446	18444,360281
1,48	0,769117	29343,173826
1,5	0,651112	24840,924036
1,52	0,759782	28988,04614
1,54	0,964383	36794,533409
1,56	0,82786	31585,858236
1,58	0,836926	31931,395116
1,6	0,943766	36006,582795
1,62	0,754247	28776,893963
1,64	0,923099	35219,233708
1,66	0,897777	34253,811705
1,68	0,836417	31912,467059
1,7	0,653654	24939,491926
1,72	0,670743	25591,119866
1,74	0,571585	21808,394224
1,76	0,231411	8829,036328
1,78	0,931295	35533,204067
1,8	0,75978	28988,090267
1,82	0,528157	20151,341867
1,84	0,440821	16818,911427
1,86	0,322465	12303,012581
1,88	0,144464	5511,98146
1,9	0,260674	9945,588581
1,92	0,091112	3476,316065
1,94	0,183288	6993,193989
1,96	0,413539	15778,135424
1,98	0,646684	24673,646607
2	0,643431	24549,85011
2,02	0,322461	12303,105504
2,04	0,601708	22957,970318
2,06	0,686268	26185,021985
2,08	0,944684	36044,660795
2,1	0,849923	32427,907427
2,12	0,858254	32746,23986
2,14	0,871817	33263,614681
2,16	0,890833	33989,084551
2,18	1,082355	41296,224594
2,2	0,950459	36263,397377
2,22	0,834493	31839,708159
2,24	1,036891	39561,265496
2,26	1,095802	41810,285232
2,28	1,125231	42932,977374
2,3	1,358055	51815,949381
2,32	1,225048	46741,823767
2,34	1,212374	46255,573385
2,36	1,36515	52085,590823
2,38	1,201925	45859,069402
2,4	1,396379	53278,516812
2,42	1,228477	46871,840807
2,44	1,435467	54768,10631
2,46	1,511615	57676,391598
2,48	1,651013	62992,714445
2,5	1,519091	57960,960987
2,52	1,606749	61305,310629
2,54	1,665669	63551,719107
2,56	1,666188	63570,584109
2,58	1,577283	60180,592887
2,6	1,697281	64759,710627
2,62	1,621285	61859,921612
2,64	1,715452	65452,872653
2,66	1,824113	69598,535798
2,68	1,851961	70658,735081
2,7	1,783471	68047,635272
2,72	1,940976	74055,88094
2,74	1,912284	72960,427386
2,76	1,99544	76135,608207
2,78	2,000934	76342,720639
2,8	2,041982	77908,247279
2,82	1,94422	74179,131563
2,84	2,039895	77830,627135
2,86	2,152196	82117,200213
2,88	2,207934	84243,413146
2,9	2,262529	86323,39521
2,92	2,161937	82487,123691
2,94	2,304849	87941,523731
2,96	2,305766	87976,021075
2,98	2,304143	87913,340403
3	2,406611	91822,159127
3,02	2,442217	93180,233251
3,04	2,428289	92648,407991
3,06	2,420155	92338,727666
3,08	2,463065	93975,217069
3,1	2,456883	93742,345464
3,12	2,538578	96858,837229
3,14	2,596345	99062,794818
3,16	2,566349	97916,552091
3,18	2,662341	101579,073334
3,2	2,718587	103723,299348
3,22	2,71099	103435,501512
3,24	2,817546	107500,622336
3,26	2,805748	107052,02147
3,28	2,867601	109413,728726
3,3	2,954823	112740,88799
3,32	2,967746	113231,116947
3,34	3,061781	116821,689921
3,36	3,013375	114974,487348
3,38	3,123625	119177,125226
3,4	3,162367	120658,132686
3,42	3,19284	121819,841164
3,44	3,253931	124150,566212
3,46	3,260245	124390,821876
3,48	3,230693	123262,701107
3,5	3,317657	126583,561992
3,52	3,335578	127265,122797
3,54	3,356588	128068,215408
3,56	3,491882	133231,76709
3,58	3,475018	132589,864624
3,6	3,515539	134135,468922
3,62	3,52517	134503,451608
3,64	3,60583	137577,839293
3,66	3,658143	139577,116018
3,68	3,682403	140499,191923
3,7	3,781097	144257,677145
3,72	3,803085	145103,026358
3,74	3,842967	146625,161448
3,76	3,914679	149361,734863
3,78	3,899588	148790,600425
3,8	4,00732	152897,217767
3,82	3,992903	152344,980931
3,84	4,132563	157677,731501
3,86	4,120344	157213,621862
3,88	4,141095	157995,848973
3,9	4,146269	158198,175858
3,92	4,220767	161035,320289
3,94	4,227453	161299,693066
3,96	4,295366	163886,356642
3,98	4,320671	164850,696196
4	4,363175	166475,265695
4,02	4,438902	169361,809278
4,04	4,450717	169810,677808
4,06	4,558053	173911,407246
4,08	4,566932	174246,450515
4,1	4,594456	175296,955806
4,12	4,720068	180098,284952
4,14	4,700632	179348,98841
4,16	4,802588	183242,459055
4,18	4,825754	184125,329624
4,2	4,863469	185563,717081
4,22	4,893054	186695,108251
4,24	4,929056	188068,615194
4,26	5,052236	192776,50739
4,28	5,053558	192817,465963
4,3	5,041713	192373,896119
4,32	5,06307	193186,012269
4,34	5,135916	195962,065018
4,36	5,146305	196360,913266
4,38	5,248528	200265,053812
4,4	5,263938	200842,069548
4,42	5,346164	203987,684071
4,44	5,432024	207266,079459
4,46	5,433244	207313,44854
4,48	5,529966	211001,367633
4,5	5,54707	211653,432414
4,52	5,645794	215421,090578
4,54	5,651687	215648,288323
4,56	5,707663	217780,235165
4,58	5,774475	220327,005499
4,6	5,785524	220750,967392
4,62	5,914551	225671,039903
4,64	5,933449	226399,468263
4,66	6,012228	229408,717432
4,68	6,066113	231457,433078
4,7	6,052783	230948,027674
4,72	6,049345	230819,532969
4,74	6,171169	235468,487743
4,76	6,179468	235779,820298
4,78	6,249288	238449,060515
4,8	6,336444	241769,954925
4,82	6,311141	240812,097209
4,84	6,498626	247964,214377
4,86	6,479322	247231,486725
4,88	6,5383	249476,825398
4,9	6,574278	250845,640313
4,92	6,606547	252081,990837
4,94	6,731451	256846,499729
4,96	6,749796	257538,547695
4,98	6,858938	261704,154804
5	6,876605	262386,781065
5,02	6,92754	264326,082514
5,04	7,013106	267592,109561
5,06	7,00412	267257,435533
5,08	7,140101	272443,949143
5,1	7,159035	273162,482819
5,12	7,142378	272528,025807
5,14	7,186847	274216,151314
5,16	7,291676	278224,622429
5,18	7,296356	278398,198155
5,2	7,381911	281663,298845
5,22	7,429816	283491,621683
5,24	7,48547	285619,350362
5,26	7,603362	290117,344388
5,28	7,609344	290343,601357
5,3	7,725403	294768,32993
5,32	7,740713	295360,132166
5,34	7,847022	299413,91497
5,36	7,938782	302915,700698
5,38	7,950025	303337,836427
5,4	8,018943	305965,935006
5,42	8,031473	306456,216395
5,44	8,17864	312061,679363
5,46	8,233193	314156,49142
5,48	8,284748	316110,553204
5,5	8,378317	319681,227425
5,52	8,391596	320191,482905
5,54	8,374717	319549,696779
5,56	8,457349	322696,702667
5,58	8,540585	325873,75807
5,6	8,557205	326507,471535
5,62	8,730705	333127,928483
5,64	8,751807	333932,238407
5,66	8,874841	338625,82296
5,68	8,92193	340427,547558
5,7	8,9876	342934,03885
5,72	9,098142	347143,440453
5,74	9,106126	347449,522052
5,76	9,30049	354871,377494
5,78	9,325133	355814,809442
5,8	9,424925	359616,707514
5,82	9,521698	363313,538708
5,84	9,531879	363695,474307
5,86	9,717364	370787,210974
5,88	9,728626	371203,288446
5,9	9,866623	376477,857763
5,92	9,918996	378474,293125
5,94	9,915105	378316,154151
5,96	9,911617	378191,871447
5,98	10,097881	385288,478907
6	10,126776	386397,158249
6,02	10,234737	390522,212769
6,04	10,357121	395180,467871
6,06	10,37837	395998,689863
6,08	10,575836	403525,19832
6,1	10,573524	403440,134769
6,12	10,738	409714,730206
6,14	10,830439	413254,207467
6,16	10,870049	414763,524505
6,18	11,04145	421302,52264
6,2	11,026725	420729,137318
6,22	11,254197	429397,668123
6,24	11,28516	430592,377746
6,26	11,385199	434427,287411
6,28	11,519673	439542,872474
6,3	11,537392	440224,068681
6,32	11,746875	448218,034735
6,34	11,746337	448220,768123
6,36	11,748361	448292,197938
6,38	11,811133	450674,603102
6,4	11,986631	457387,950132
6,42	11,989823	457523,427332
6,44	12,211035	465972,40251
6,46	12,265524	468041,662495
6,48	12,358325	471571,721246
6,5	12,515824	477603,043256
6,52	12,50547	477210,391905
6,54	12,777593	487585,74571
6,56	12,765044	487115,759445
6,58	12,908696	492598,743784
6,6	13,032789	497323,498843
6,62	13,055447	498200,229292
6,64	13,278149	506692,278401
6,66	13,271881	506457,997763
6,68	13,464206	513795,482363
6,7	13,518884	515881,776957
6,72	13,604425	519137,858576
6,74	13,772514	525566,569544
6,76	13,769956	525456,605624
6,78	13,779189	525823,906031
6,8	13,889234	530008,162512
6,82	14,008645	534565,80941
6,84	14,028858	535339,812572
6,86	14,255574	543992,283908
6,88	14,256576	544025,162115
6,9	14,425178	550460,171364
6,92	14,494281	553111,68902
6,94	14,565677	555836,812892
6,96	14,745022	562667,461985
6,98	14,730899	562125,042776
7	14,924201	569500,544665
7,02	14,959153	570833,078878
7,04	15,057629	574591,936487
7,06	15,191372	579695,462408
7,08	15,182197	579360,999212
7,1	15,412902	588154,269778
7,12	15,402582	587748,619483
7,14	15,532148	592703,550279
7,16	15,610641	595711,608812
7,18	15,60995	595670,641289
7,2	15,616539	595908,529621
7,22	15,79219	602642,07535
7,24	15,830484	604085,470474
7,26	15,919738	607502,781621
7,28	16,051628	612519,765477
7,3	16,047834	612392,445736
7,32	16,266381	620741,338758
7,34	16,267661	620789,105021
7,36	16,388688	625406,261355
7,38	16,467732	628426,881233
7,4	16,512184	630126,174494
7,42	16,676386	636387,393961
7,44	16,678303	636479,27451
7,46	16,829817	642244,332983
7,48	16,877245	644075,627228
7,5	16,947623	646773,34569
7,52	17,07279	651527,788003
7,54	17,068025	651341,912482
7,56	17,247058	658200,171626
7,58	17,259763	658665,956621
7,6	17,258385	658603,057814
7,62	17,286242	659669,35457
7,64	17,446386	665793,6825
7,66	17,447378	665821,204615
7,68	17,584812	671091,992523
7,7	17,640388	673180,726052
7,72	17,69615	675322,374827
7,74	17,830011	680444,632413
7,76	17,823276	680180,224735
7,78	17,992337	686627,481991
7,8	18,022385	687779,853479
7,82	18,111078	691163,524322
7,84	18,191521	694211,546133
7,86	18,218108	695260,564819
7,88	18,37579	701252,12432
7,9	18,373476	701177,913365
7,92	18,496407	705850,987523
7,94	18,548177	707843,430476
7,96	18,594737	709617,004244
7,98	18,708824	713960,986581
8	18,714765	714181,890205
8,02	18,714933	714191,581543
8,04	18,786638	716939,741453
8,06	18,86716	720019,929111
8,08	18,887547	720787,691998
8,1	19,042995	726735,898559
8,12	19,045718	726836,176797
8,14	19,144536	730586,504668
8,16	19,20086	732727,976347
8,18	19,240895	734270,935648
8,2	19,370415	739221,459736
8,22	19,365555	739033,103524
8,24	19,471577	743078,621521
8,26	19,499109	744139,61545
8,28	19,56697	746727,127125
8,3	19,664709	750430,158001
8,32	19,66281	750374,182084
8,34	19,791821	755303,3333
8,36	19,792052	755301,054956
8,38	19,883523	758801,304961
8,4	19,940803	760959,889033
8,42	19,940783	760983,766693
8,44	19,943821	761085,33087
8,46	20,049729	765131,596162
8,48	20,07877	766258,067999
8,5	20,135122	768391,168894
8,52	20,23452	772176,967214
8,54	20,225919	771857,767598
8,56	20,347401	776499,94799
8,58	20,353876	776770,515998
8,6	20,439888	779996,66347
8,62	20,495023	782146,19344
8,64	20,513242	782822,388368
8,66	20,60149	786198,159738
8,68	20,609517	786510,588176
8,7	20,71795	790644,377534
8,72	20,747092	791787,94858
8,74	20,78975	793401,360971
8,76	20,861856	796152,706839
8,78	20,865781	796295,98188
8,8	20,974156	800456,43362
8,82	20,982179	800756,901916
8,84	20,979961	800651,261939
8,86	21,006151	801659,303744
8,88	21,120178	806041,908852
8,9	21,115436	805843,544899
8,92	21,209143	809414,147849
8,94	21,235593	810436,05652
8,96	21,278027	812046,58198
8,98	21,354093	814999,855492
9	21,364501	815373,069835
9,02	21,474189	819562,912181
9,04	21,480705	819821,728941
9,06	21,544884	822279,449584
9,08	21,593252	824126,487045
9,1	21,610906	824788,155735
9,12	21,724245	829133,218982
9,14	21,722151	829025,644179
9,16	21,801937	832077,616279
9,18	21,826605	833042,904456
9,2	21,865461	834515,84692
9,22	21,949929	837724,29833
9,24	21,950834	837769,583553
9,26	21,943334	837510,322426
9,28	22,00845	839982,125636
9,3	22,05591	841780,248414
9,32	22,076584	842558,892076
9,34	22,163255	845882,585485
9,36	22,163939	845921,810711
9,38	22,24731	849085,31687
9,4	22,281817	850370,788323
9,42	22,314607	851648,924869
9,44	22,388938	854488,946916
9,46	22,386218	854407,588744
9,48	22,491849	858441,472224
9,5	22,501043	858778,26258
9,52	22,558843	861009,908547
9,54	22,623471	863478,298924
9,56	22,637381	864016,061926
9,58	22,701572	866466,198555
9,6	22,710664	866817,571501
9,62	22,787385	869750,36952
9,64	22,816156	870843,548259
9,66	22,812864	870734,471082
9,68	22,815672	870853,550643
9,7	22,903107	874215,519341
9,72	22,90882	874400,762369
9,74	22,963314	876519,609457
9,76	23,012745	878395,960762
9,78	23,018505	878614,118692
9,8	23,11104	882157,878524
9,82	23,111427	882153,077169
9,84	23,188741	885112,296069
9,86	23,212304	886019,610646
9,88	23,240538	887068,584131
9,9	23,312641	889831,316659
9,92	23,31463	889928,635957
9,94	23,400433	893204,556081
9,96	23,409937	893539,701643
9,98	23,4511	895149,474693
10	23,492504	896716,342196
10,02	23,502591	897076,155157
10,04	23,58892	900394,013595
10,06	23,591474	900499,979523
10,08	23,591751	900500,508454
10,1	23,617053	901451,378993
10,12	23,679628	903849,277498
10,14	23,68409	904020,267614
10,16	23,7676	907212,242564
10,18	23,777365	907587,689741
10,2	23,825096	909397,080345
10,22	23,87048	911123,508053
10,24	23,883525	911630,872802
10,26	23,968584	914882,527103
10,28	23,971721	914981,12077
10,3	24,03098	917245,494478
10,32	24,06239	918463,085449
10,34	24,088147	919443,248458
10,36	24,15741	922115,406413
10,38	24,155932	922036,829112
10,4	24,225851	924691,058934
10,42	24,238105	925193,218409
10,44	24,280066	926779,615287
10,46	24,336196	928896,323976
10,48	24,324516	928441,041042
10,5	24,331182	928729,632655
10,52	24,401409	931425,775851
10,54	24,427315	932391,929456
10,56	24,450101	933263,830437
10,58	24,524157	936110,893657
10,6	24,531576	936386,476104
10,62	24,587919	938549,421206
10,64	24,596495	938904,127387
10,66	24,648982	940917,036621
10,68	24,701604	942920,56437
10,7	24,701445	942889,943513
10,72	24,78265	945973,302334
10,74	24,785255	946115,288806
10,76	24,840887	948204,31052
10,78	24,874225	949514,347905
10,8	24,890641	950147,342616
10,82	24,960311	952794,441468
10,84	24,952617	952486,521801
10,86	25,019751	955040,116607
10,88	25,03403	955605,359429
10,9	25,036356	955667,507959
10,92	25,034667	955612,857426
10,94	25,118217	958817,035358
10,96	25,119496	958868,088815
10,98	25,180479	961191,000461
11	25,218057	962625,83036
11,02	25,230427	963063,632476
11,04	25,285423	965218,00458
11,06	25,283956	965156,719207
11,08	25,359283	968024,792755
11,1	25,383956	968959,741787
11,12	25,407958	969885,82529
11,14	25,443429	971220,477173
11,16	25,447297	971358,389589
11,18	25,533741	974666,224194
11,2	25,539695	974881,794002
11,22	25,572773	976178,227015
11,24	25,609775	977562,212596
11,26	25,623217	978068,222635
11,28	25,69164	980684,14465
11,3	25,692857	980741,438088
11,32	25,689666	980612,735043
11,34	25,715066	981604,167176
11,36	25,751174	982977,550721
11,38	25,74872	982845,51714
11,4	25,815285	985436,354164
11,42	25,820112	985583,752984
11,44	25,875252	987719,151121
11,46	25,911831	989101,044405
11,48	25,926608	989696,722609
11,5	25,977537	991622,071806
11,52	25,977592	991616,205662
11,54	26,031605	993677,421342
11,56	26,048865	994338,686851
11,58	26,075149	995334,423669
11,6	26,127691	997365,168957
11,62	26,124865	997218,944907
11,64	26,200201	1000129,225249
11,66	26,198582	1000042,317417
11,68	26,24336	1001777,723857
11,7	26,273944	1002931,984184
11,72	26,274116	1002931,25198
11,74	26,274544	1002955,217417
11,76	26,33625	1005316,533394
11,78	26,355042	1006039,999661
11,8	26,377938	1006908,552419
11,82	26,425525	1008691,81197
11,84	26,428043	1008811,31316
11,86	26,481519	1010871,433856
11,88	26,484637	1010970,718665
11,9	26,536779	1012985,761999
11,92	26,574203	1014392,474307
11,94	26,584395	1014816,750218
11,96	26,635509	1016723,917675
11,98	26,632926	1016645,018084
12	26,684148	1018586,165834
12,02	26,705464	1019373,992568
12,04	26,733145	1020467,121929
12,06	26,784264	1022416,653794
12,08	26,788198	1022567,106795
12,1	26,837301	1024420,872895
12,12	26,837723	1024497,515226
12,14	26,844431	1024728,774809
12,16	26,854425	1025137,903479
12,18	26,92644	1027848,299668
12,2	26,925571	1027843,371123
12,22	26,983535	1030046,323497
12,24	27,005403	1030884,811839
12,26	27,021438	1031510,082232
12,28	27,053607	1032733,173018
12,3	27,053469	1032730,566685
12,32	27,127088	1035543,208654
12,34	27,131771	1035730,639668
12,36	27,156054	1036663,670562
12,38	27,182124	1037654,548387
12,4	27,195915	1038166,882125
12,42	27,251345	1040280,866215
12,44	27,256108	1040492,47304
12,46	27,298301	1042080,642138
12,48	27,30945	1042524,228641
12,5	27,328803	1043233,425879
12,52	27,380931	1045282,901288
12,54	27,37114	1044889,526173
12,56	27,380374	1045256,60834
12,58	27,412832	1046451,661429
12,6	27,444846	1047695,896854
12,62	27,45172	1047953,228815
12,64	27,507299	1050049,003334
12,66	27,50841	1050123,660663
12,68	27,548746	1051648,985227
12,7	27,564126	1052228,709413
12,72	27,588727	1053170,191237
12,74	27,634309	1054934,202298
12,76	27,639657	1055108,930744
12,78	27,689773	1057050,101702
12,8	27,688413	1057002,587864
12,82	27,718923	1058154,949698
12,84	27,760965	1059738,052542
12,86	27,765083	1059889,864328
12,88	27,810162	1061650,702063
12,9	27,810663	1061655,399589
12,92	27,857574	1063465,889941
12,94	27,879869	1064274,48984
12,96	27,873683	1064061,23199
12,98	27,877122	1064181,938753
13	27,930093	1066201,949938
13,02	27,935923	1066413,087774
13,04	27,961376	1067374,059319
13,06	27,994169	1068652,002071
13,08	27,998363	1068837,237817
13,1	28,05684	1071046,971815
13,12	28,055558	1071016,379434
13,14	28,099109	1072657,272058
13,16	28,119239	1073443,695694
13,18	28,132168	1073899,982796
13,2	28,171876	1075438,568814
13,22	28,169766	1075333,515296
13,24	28,216655	1077145,798094
13,26	28,22313	1077410,056015
13,28	28,250614	1078445,590193
13,3	28,279745	1079565,764046
13,32	28,279644	1079532,150738
13,34	28,329104	1081457,035266
13,36	28,331581	1081560,623351
13,38	28,330883	1081508,087188
13,4	28,34393	1082012,178968
13,42	28,393809	1083914,74531
13,44	28,391725	1083850,218587
13,46	28,436989	1085561,68242
13,48	28,436605	1085522,837184
13,5	28,466762	1086652,9926
13,52	28,488746	1087555,96314
13,54	28,495265	1087780,052791
13,56	28,559069	1090204,159224
13,58	28,553746	1089994,966673
13,6	28,57927	1090969,755645
13,62	28,594484	1091559,342753
13,64	28,608065	1092102,95191
13,66	28,647298	1093594,913347
13,68	28,651811	1093757,886848
13,7	28,696747	1095464,206069
13,72	28,695383	1095446,042584
13,74	28,719709	1096371,22645
13,76	28,7442	1097281,524321
13,78	28,743995	1097293,475606
13,8	28,743927	1097252,883151
13,82	28,78137	1098711,945346
13,84	28,797865	1099333,717917
13,86	28,810536	1099798,815277
13,88	28,850586	1101349,154685
13,9	28,854545	1101492,747329
13,92	28,903633	1103388,834322
13,94	28,912361	1103694,20531
13,96	28,932755	1104491,607436
13,98	28,96249	1105619,982429
14	28,960975	1105555,160502
14,02	29,01077	1107422,572621
14,04	29,011082	1107454,342325
14,06	29,036326	1108445,189135
14,08	29,056593	1109200,157821
14,1	29,061266	1109391,809071
14,12	29,101718	1110942,95795
14,14	29,101254	1110920,362577
14,16	29,145583	1112598,572467
14,18	29,164552	1113303,343289
14,2	29,159561	1113133,62769
14,22	29,164572	1113298,710716
14,24	29,201693	1114734,816355
14,26	29,208194	1114976,671306
14,28	29,231371	1115881,226895
14,3	29,245429	1116393,660496
14,32	29,248637	1116538,77602
14,34	29,288247	1118059,244952
14,36	29,285921	1117954,222038
14,38	29,285045	1117940,36466
14,4	29,280708	1117779,289926
14,42	29,286408	1117946,684822
14,44	29,280059	1117765,787352
14,46	29,286187	1117968,084757
14,48	29,285308	1117936,606626
14,5	29,284456	1117908,806592
14,52	29,281655	1117814,408361
14,54	29,281546	1117788,893469
14,56	29,283728	1117838,873693
14,58	29,289907	1118110,742663
14,6	29,280739	1117760,979992
14,62	29,284494	1117912,223527
14,64	29,280436	1117743,69798
14,66	29,282837	1117860,649446
14,68	29,280097	1117763,319593
14,7	29,28342	1117874,685639
14,72	29,281644	1117806,230759
14,74	29,285023	1117904,642503
14,76	29,279155	1117729,782504
14,78	29,284809	1117943,565771
14,8	29,280809	1117796,562145
14,82	29,289328	1118082,321864
14,84	29,277077	1117645,683167
14,86	29,283988	1117882,291113
14,88	29,283577	1117886,574034
14,9	29,284084	1117893,775837
14,92	29,285269	1117950,876368
14,94	29,287508	1118046,775091
14,96	29,286435	1117980,626534
14,98	29,280368	1117764,442819
15	29,283903	1117857,126626
15,02	29,281902	1117790,802297
15,04	29,284634	1117919,428059
15,06	29,283694	1117864,813997
15,08	29,287262	1117961,000776
15,1	29,27887	1117696,973642
15,12	29,283933	1117888,48189
15,14	29,282143	1117825,367089
15,16	29,28373	1117893,516619
15,18	29,283642	1117882,708595
15,2	29,280654	1117775,359638
15,22	29,284012	1117876,755684
15,24	29,283487	1117894,326532
15,26	29,286908	1118007,84989
15,28	29,286722	1118024,326655
15,3	29,280761	1117775,686633
15,32	29,286651	1118013,158632
15,34	29,279772	1117735,53389
15,36	29,279445	1117723,787091
15,38	29,284027	1117906,724848
15,4	29,283592	1117887,119818
15,42	29,28554	1117936,866631
15,44	29,286798	1117989,935495
15,46	29,28192	1117803,052057
15,48	29,278454	1117725,767587
15,5	29,287179	1117988,796352
15,52	29,283048	1117866,37985
15,54	29,282344	1117829,612919
15,56	29,284592	1117915,235999
15,58	29,283243	1117895,169271
15,6	29,282341	1117790,974854
15,62	29,290297	1118112,768212
15,64	29,285089	1117934,403194
15,66	29,288055	1118003,493163
15,68	29,278132	1117697,915163
15,7	29,285285	1117948,026696
15,72	29,284833	1117938,0302
15,74	29,284179	1117897,694561
15,76	29,283802	1117908,015087
15,78	29,281728	1117812,06052
15,8	29,282465	1117827,963558
15,82	29,287665	1117993,900894
15,84	29,283078	1117838,015079
15,86	29,28539	1117952,589315
15,88	29,283018	1117859,436246
15,9	29,283745	1117908,354041
15,92	29,285085	1117931,979516
15,94	29,284799	1117919,382991
15,96	29,289178	1118089,638205
15,98	29,286985	1117963,372144
16	29,281921	1117792,931177
16,02	29,289087	1118037,674375
16,04	29,286004	1117958,402671
16,06	29,285819	1117936,98434
16,08	29,282015	1117762,383127
16,1	29,287274	1117975,902344
16,12	29,288137	1118041,330934
16,14	29,286967	1117947,760998
16,16	29,289053	1117996,33359
16,18	29,278922	1117646,258898
16,2	29,290495	1118054,001969
16,22	29,283217	1117793,067126
16,24	29,284927	1117874,664248
16,26	29,284143	1117857,223371
16,28	29,288798	1118022,623098
16,3	29,284729	1117849,30495
16,32	29,286035	1117889,624434
16,34	29,285201	1117906,857382
16,36	29,283111	1117786,015031
16,38	29,2828	1117787,391876
16,4	29,285024	1117848,255341
16,42	29,283971	1117798,522646
16,44	29,282039	1117717,305564
16,46	29,283803	1117849,943543
16,48	29,286134	1117919,536146
16,5	29,284033	1117809,013599
16,52	29,285899	1117890,760652
16,54	29,287368	1117982,375294
16,56	29,28435	1117847,88784
16,58	29,284192	1117846,120152
16,6	29,281542	1117726,717287
16,62	29,285449	1117886,582362
16,64	29,284573	1117858,432567
16,66	29,28342	1117821,691381
16,68	29,289072	1118006,86779
16,7	29,286665	1117940,536395
16,72	29,283658	1117819,299272
16,74	29,286093	1117910,300655
16,76	29,283888	1117838,927369
16,78	29,283688	1117840,533373
16,8	29,285291	1117878,930526
16,82	29,28283	1117790,132009
16,84	29,283395	1117810,413874
16,86	29,289641	1118040,528851
16,88	29,285486	1117885,828848
16,9	29,284633	1117847,100233
16,92	29,283673	1117806,36231
16,94	29,284925	1117868,812658
16,96	29,287042	1117923,492399
16,98	29,286458	1117887,602268
17	29,286605	1117898,037668
17,02	29,285086	1117846,137147
17,04	29,289114	1117984,969165
17,06	29,285755	1117873,534745
17,08	29,284978	1117839,118152
17,1	29,283742	1117795,674203
17,12	29,288795	1117971,380939
17,14	29,287986	1117933,419913
17,16	29,282458	1117728,833168
17,18	29,286489	1117897,907393
17,2	29,282895	1117740,000304
17,22	29,2934	1118144,529262
17,24	29,284715	1117767,15703
17,26	29,284755	1117803,355889
17,28	29,286789	1117893,397012
17,3	29,285355	1117791,782649
17,32	29,286348	1117862,964292
17,34	29,286583	1117855,594667
17,36	29,282141	1117708,451706
17,38	29,285374	1117824,204219
17,4	29,28483	1117752,157979
17,42	29,288228	1117910,756474
17,44	29,287239	1117901,745419
17,46	29,29131	1118022,873179
17,48	29,287802	1117937,220081
17,5	29,286934	1117847,482524
17,52	29,284152	1117818,325287
17,54	29,28931	1117999,431612
17,56	29,28331	1117738,143642
17,58	29,285828	1117815,67689
17,6	29,288532	1117941,483329
17,62	29,28447	1117795,769802
17,64	29,287295	1117903,96111
17,66	29,2888	1117964,558242
17,68	29,2861	1117852,103624
17,7	29,288519	1117914,848327
17,72	29,288108	1117914,927095
17,74	29,285932	1117839,605067
17,76	29,281434	1117674,271319
17,78	29,286512	1117874,720463
17,8	29,285658	1117833,471171
17,82	29,283955	1117759,309709
17,84	29,286526	1117879,469053
17,86	29,286599	1117840,945086
17,88	29,28786	1117949,489787
17,9	29,281554	1117707,120705
17,92	29,285404	1117848,831996
17,94	29,289089	1117951,838916
17,96	29,28731	1117911,231341
17,98	29,287314	1117903,568008
18	29,282742	1117742,304118
18,02	29,286354	1117848,543756
18,04	29,287675	1117912,102394
18,06	29,285846	1117842,214463
18,08	29,284564	1117787,953205
18,1	29,290776	1118061,651395
18,12	29,288415	1117943,907519
18,14	29,286662	1117869,08683
18,16	29,290966	1118038,387443
18,18	29,286324	1117846,644451
18,2	29,285862	1117838,524636
18,22	29,289146	1117944,775934
18,24	29,284424	1117778,226958
18,26	29,284554	1117795,714936
18,28	29,281636	1117698,692543
18,3	29,284209	1117771,721252
18,32	29,284446	1117786,174155
18,34	29,285476	1117824,629563
18,36	29,287419	1117920,738856
18,38	29,287211	1117916,624711
18,4	29,283739	1117753,677209
18,42	29,285189	1117802,786777
18,44	29,283995	1117767,737235
18,46	29,288935	1117949,132788
18,48	29,289738	1118000,672421
18,5	29,288147	1117946,922306
18,52	29,284296	1117765,716954
18,54	29,283116	1117726,168359
18,56	29,284618	1117745,61948
18,58	29,28935	1117965,79864
18,6	29,288666	1117878,149056
18,62	29,287803	1117873,273314
18,64	29,287377	1117834,141853
18,66	29,288198	1117860,074697
18,68	29,286405	1117770,942347
